C:\Users\pradh\Anaconda3\python.exe C:/Users/pradh/PycharmProjects/yelp_challenge/decision_tree.py
created models for every cluster
0
5 37
1.0
1
5 13
No check-in data available for this business to test...
2
39 11
1.0
3
18 52
0.0430327868852
4
C:\Users\pradh\Anaconda3\lib\site-packages\sklearn\metrics\classification.py:1135: UndefinedMetricWarning: Precision is ill-defined and being set to 0.0 in labels with no predicted samples.
54 30
  'precision', 'predicted', average, warn_for)
0.5
5
42 44
1.0
6
18 16
0.25
7
11 32
No check-in data available for this business to test...
8
5 30
0.291666666667
9
27 0
0.242424242424
10
16 42
0.0
11
0 26
0.0
12
30 58
1.0
13
32 13
0.0544634377968
14
36 10
0.261363636364
15
16 32
0.5
16
30 36
0.375
17
27 41
0.420634920635
18
16 16
0.3
19
0 20
No check-in data available for this business to test...
20
14 39
0.375
21
47 24
0.146825396825
22
50 2
0.5
23
57 14
0.184782608696
24
5 58
0.333333333333
25
32 40
0.166666666667
26
47 42
0.391534391534
27
24 5
1.0
28
57 29
0.177777777778
29
10 18
1.0
30
5 56
0.5
31
43 58
0.04
32
18 16
1.0
33
2 1
No check-in data available for this business to test...
34
52 15
0.2
35
43 12
No check-in data available for this business to test...
36
50 21
No check-in data available for this business to test...
37
0 34
0.4
38
14 32
0.190606060606
39
43 38
0.0
40
52 12
0.208333333333
41
14 10
0.0
42
3 21
No check-in data available for this business to test...
43
47 57
No check-in data available for this business to test...
44
58 45
1.0
45
27 34
1.0
46
32 37
No check-in data available for this business to test...
47
59 48
0.333333333333
48
47 50
0.0451744334097
49
47 35
0.133333333333
50
27 7
0.0833755060729
51
14 13
0.235294117647
52
47 55
0.0
53
39 27
0.128767123288
54
42 49
0.428571428571
55
43 17
0.464285714286
56
2 49
0.104938271605
57
10 39
1.0
58
14 13
0.160714285714
59
24 46
0.333333333333
60
56 1
0.085652173913
61
5 30
No check-in data available for this business to test...
62
14 26
0.183333333333
63
10 44
0.333333333333
64
14 43
0.155303030303
65
56 35
No check-in data available for this business to test...
66
52 56
No check-in data available for this business to test...
67
10 45
0.0
68
27 51
0.195555555556
69
0 33
0.310606060606
70
24 1
0.333333333333
71
27 20
0.111111111111
72
36 10
0.5
73
38 51
1.0
74
1 47
0.181818181818
75
4 1
1.0
76
14 38
0.131578947368
77
18 6
1.0
78
31 42
0.375
79
59 48
0.5
80
24 26
No check-in data available for this business to test...
81
5 16
0.182723461025
82
36 12
0.294117647059
83
58 30
0.178571428571
84
36 57
0.217803030303
85
43 16
0.156666666667
86
42 2
0.139743589744
87
43 59
0.103571428571
88
36 33
0.30303030303
89
45 59
0.142857142857
90
42 1
1.0
91
43 8
0.00220680958386
92
14 32
0.122163536776
93
58 19
0.333333333333
94
18 41
0.0
95
24 12
0.233333333333
96
43 24
No check-in data available for this business to test...
97
45 8
0.277432712215
98
17 56
No check-in data available for this business to test...
99
58 2
0.316239316239
100
36 4
0.285714285714
101
24 9
0.0
102
24 35
0.121936396936
103
42 6
0.190476190476
104
5 46
0.0568181818182
105
52 48
No check-in data available for this business to test...
106
36 28
0.666666666667
107
5 26
0.0104492824527
108
47 16
0.2
109
42 6
0.0324248120301
110
42 32
0.132485875706
111
6 43
No check-in data available for this business to test...
112
36 37
1.0
113
32 57
0.282608695652
114
16 22
0.4
115
3 45
0.20625
116
0 48
0.261904761905
117
5 3
0.0454545454545
118
0 54
1.0
119
52 56
No check-in data available for this business to test...
120
4 43
No check-in data available for this business to test...
121
14 50
0.0628787878788
122
56 1
0.5
123
3 8
No check-in data available for this business to test...
124
2 13
1.0
125
59 34
0.225
126
36 57
0.222222222222
127
27 55
No check-in data available for this business to test...
128
6 27
0.47619047619
129
14 14
No check-in data available for this business to test...
130
39 56
0.223684210526
131
0 52
0.202380952381
132
14 18
0.333333333333
133
3 21
0.272727272727
134
4 21
0.333333333333
135
18 39
0.118055555556
136
3 6
0.00854700854701
137
56 33
1.0
138
53 39
0.18005952381
139
39 1
0.134308510638
140
32 49
No check-in data available for this business to test...
141
5 39
1.0
142
3 22
0.333333333333
143
36 13
0.4
144
5 21
1.0
145
6 54
0.5
146
5 29
1.0
147
24 25
0.0666666666667
148
59 34
1.0
149
50 2
No check-in data available for this business to test...
150
0 34
0.269230769231
151
36 6
0.253205128205
152
50 12
0.225
153
32 43
0.388888888889
154
16 42
0.075
155
56 46
0.198076923077
156
14 32
0.0631118881119
157
14 23
1.0
158
6 45
0.0203954731999
159
14 22
0.155555555556
160
43 57
0.260964912281
161
31 7
1.0
162
47 11
0.0311111111111
163
24 3
0.0217003567182
164
47 12
0.126984126984
165
39 0
0.25
166
27 6
0.35
167
58 55
0.257575757576
168
52 12
0.752380952381
169
27 50
0.123452380952
170
47 42
0.3
171
30 14
0.0209677419355
172
43 58
0.085798816568
173
42 17
1.0
174
0 6
0.5
175
30 7
0.240143369176
176
30 15
0.172857142857
177
32 4
1.0
178
10 17
0.414814814815
179
52 0
1.0
180
17 24
0.166666666667
181
6 23
0.5
182
4 34
No check-in data available for this business to test...
183
14 22
0.5
184
43 28
0.181278280543
185
11 14
0.161246612466
186
10 36
0.111111111111
187
24 21
No check-in data available for this business to test...
188
14 26
1.0
189
16 58
1.0
190
30 42
0.5
191
5 25
0.0941197691198
192
16 29
0.14
193
31 26
0.159863945578
194
36 4
0.25641025641
195
58 49
0.212790697674
196
0 40
0.260869565217
197
3 39
0.190476190476
198
52 47
0.105324074074
199
42 27
No check-in data available for this business to test...
200
18 58
No check-in data available for this business to test...
201
2 4
No check-in data available for this business to test...
202
52 17
0.0
203
36 23
0.263157894737
204
3 1
0.0241596638655
205
52 36
1.0
206
5 25
0.6
207
42 20
0.0576414326414
208
36 31
0.375
209
5 30
0.5
210
36 7
0.5
211
24 33
No check-in data available for this business to test...
212
47 11
0.4375
213
56 40
0.333333333333
214
39 27
0.177777777778
215
53 19
0.475
216
27 20
0.208333333333
217
57 37
0.5
218
36 8
0.323076923077
219
10 22
0.181818181818
220
14 41
1.0
221
30 10
0.333333333333
222
47 35
1.0
223
1 47
0.0147411539602
224
27 20
0.5
225
5 35
0.00916132478632
226
27 3
0.179790940767
227
5 5
0.5
228
1 20
1.0
229
54 45
0.5
230
53 10
0.327380952381
231
24 12
No check-in data available for this business to test...
232
3 12
0.147581886712
233
42 52
0.428571428571
234
2 30
0.583333333333
235
27 43
0.108258928571
236
0 30
0.333333333333
237
16 14
0.282828282828
238
59 53
0.20350877193
239
56 21
0.25
240
16 0
0.257777777778
241
52 28
0.234210526316
242
2 14
No check-in data available for this business to test...
243
36 30
0.234375
244
0 19
0.297245963913
245
50 29
0.210512820513
246
58 11
0.416666666667
247
14 32
0.120138888889
248
5 2
0.375
249
0 46
1.0
250
24 14
0.0
251
0 31
No check-in data available for this business to test...
252
52 57
0.184057971014
253
2 19
0.5
254
32 54
No check-in data available for this business to test...
255
31 30
0.25
256
17 46
0.333333333333
257
16 28
0.454545454545
258
18 35
0.25
259
58 33
No check-in data available for this business to test...
260
18 40
0.200396825397
261
1 57
0.442307692308
262
36 34
0.277777777778
263
24 58
0.5
264
58 31
0.5
265
14 14
0.25
266
31 17
0.0
267
27 30
0.252941176471
268
43 14
No check-in data available for this business to test...
269
47 24
0.395833333333
270
10 43
No check-in data available for this business to test...
271
43 20
No check-in data available for this business to test...
272
24 58
No check-in data available for this business to test...
273
36 8
0.121428571429
274
24 38
0.375757575758
275
42 25
0.0535714285714
276
5 39
0.220512820513
277
18 19
0.166666666667
278
54 39
0.0273297753797
279
32 24
0.333333333333
280
24 30
0.0
281
27 29
1.0
282
36 51
0.416666666667
283
50 51
0.0811224489796
284
32 10
No check-in data available for this business to test...
285
6 9
0.118055555556
286
59 5
0.126984126984
287
47 16
0.0
288
50 5
0.149184149184
289
18 5
0.5
290
16 2
1.0
291
36 35
0.138461538462
292
43 45
1.0
293
6 57
0.0391414141414
294
0 27
No check-in data available for this business to test...
295
24 57
0.333333333333
296
55 55
No check-in data available for this business to test...
297
32 9
No check-in data available for this business to test...
298
32 53
0.206896551724
299
5 22
1.0
300
36 30
No check-in data available for this business to test...
301
38 55
0.266666666667
302
0 39
1.0
303
56 23
1.0
304
36 25
0.102092352092
305
14 32
0.111446360153
306
0 38
0.0769230769231
307
43 6
0.0404938271605
308
0 6
0.0416666666667
309
27 41
0.180769230769
310
27 46
0.226666666667
311
4 44
1.0
312
3 21
0.0
313
5 28
0.0983333333333
314
52 4
0.238095238095
315
14 21
No check-in data available for this business to test...
316
18 20
0.0555555555556
317
0 30
No check-in data available for this business to test...
318
43 33
0.101851851852
319
5 2
No check-in data available for this business to test...
320
1 18
0.4375
321
14 25
0.0
322
18 17
0.107142857143
323
2 1
0.5
324
18 18
0.327777777778
325
16 33
0.25
326
1 4
0.5
327
58 21
0.527777777778
328
36 6
0.0696692470091
329
5 35
0.0777777777778
330
54 8
1.0
331
14 47
1.0
332
43 28
0.25
333
18 13
0.388888888889
334
14 20
0.5
335
14 14
0.181818181818
336
0 55
0.0908163265306
337
5 3
0.0909090909091
338
43 4
0.0874923687424
339
30 43
0.248333333333
340
57 28
0.185185185185
341
18 48
0.0805555555556
342
32 34
0.333333333333
343
14 6
0.0978947368421
344
10 15
0.180921052632
345
4 41
1.0
346
57 24
1.0
347
45 47
0.357142857143
348
14 51
0.75
349
24 15
1.0
350
32 20
No check-in data available for this business to test...
351
14 29
0.121052631579
352
10 57
0.0533545401966
353
52 20
0.75
354
27 2
0.133333333333
355
24 16
0.25
356
36 43
0.95
357
32 51
0.363636363636
358
16 51
0.421052631579
359
1 26
0.25641025641
360
4 51
No check-in data available for this business to test...
361
30 51
0.364035087719
362
27 30
0.0639880952381
363
10 56
0.444444444444
364
52 24
0.0
365
58 43
0.25
366
42 28
0.5
367
14 58
No check-in data available for this business to test...
368
32 8
0.388888888889
369
36 27
0.5
370
14 35
0.153846153846
371
27 20
0.259259259259
372
2 54
0.129591836735
373
42 16
1.0
374
47 15
0.17671957672
375
32 47
0.5
376
0 25
0.174603174603
377
54 37
No check-in data available for this business to test...
378
5 1
1.0
379
42 19
0.296296296296
380
18 47
0.270833333333
381
5 13
0.0978493983081
382
36 46
1.0
383
32 23
No check-in data available for this business to test...
384
5 8
0.214473684211
385
32 14
0.283333333333
386
47 8
No check-in data available for this business to test...
387
52 12
0.3125
388
56 47
1.0
389
1 14
0.129655172414
390
24 45
0.0612166780588
391
59 23
0.25
392
14 39
0.729885057471
393
0 44
1.0
394
9 43
1.0
395
36 7
1.0
396
5 15
0.0299145299145
397
14 1
0.25
398
3 55
0.291666666667
399
50 23
0.5
400
42 30
0.333333333333
401
3 42
0.0552503052503
402
56 19
0.280808080808
403
31 49
0.571428571429
404
6 17
0.0866666666667
405
50 8
0.333333333333
406
54 12
0.3125
407
39 45
0.25
408
0 1
0.5
409
42 37
0.333333333333
410
56 33
0.5
411
24 46
0.5
412
52 39
0.25641025641
413
10 28
No check-in data available for this business to test...
414
58 44
1.0
415
43 34
No check-in data available for this business to test...
416
6 34
1.0
417
39 24
0.570512820513
418
52 23
0.5
419
27 13
0.175634754251
420
24 19
0.0382101558572
421
27 11
0.25
422
5 38
0.0213239141811
423
45 9
0.333333333333
424
50 23
0.231792717087
425
50 47
0.5
426
14 36
0.298913043478
427
32 20
No check-in data available for this business to test...
428
43 1
0.216666666667
429
43 22
No check-in data available for this business to test...
430
47 37
No check-in data available for this business to test...
431
36 50
0.377192982456
432
27 2
0.277777777778
433
50 3
0.0690476190476
434
24 39
0.213392857143
435
5 31
0.0495495495495
436
47 23
0.0714285714286
437
1 2
0.333333333333
438
14 26
0.107142857143
439
5 12
No check-in data available for this business to test...
440
5 33
0.0
441
14 32
0.305555555556
442
32 58
0.5
443
24 39
0.0801467051467
444
0 48
1.0
445
56 14
0.288888888889
446
0 46
No check-in data available for this business to test...
447
10 2
0.0889140271493
448
58 43
No check-in data available for this business to test...
449
6 13
1.0
450
14 23
No check-in data available for this business to test...
451
47 3
0.0952380952381
452
16 14
0.5
453
3 40
0.475
454
24 32
0.227272727273
455
5 54
0.0746137612166
456
14 2
0.264285714286
457
43 22
No check-in data available for this business to test...
458
50 12
0.25
459
5 41
0.317307692308
460
18 40
0.00604575163399
461
10 44
0.0654220779221
462
16 5
0.274509803922
463
39 19
0.142592592593
464
5 2
No check-in data available for this business to test...
465
6 51
0.256235827664
466
14 7
0.078231292517
467
10 30
0.197916666667
468
24 58
0.333333333333
469
43 45
0.0
470
47 42
0.0555555555556
471
32 16
1.0
472
32 50
1.0
473
31 21
0.0
474
16 12
0.233333333333
475
5 36
0.126984126984
476
39 9
No check-in data available for this business to test...
477
27 54
0.2
478
50 24
0.0473484848485
479
17 35
0.230769230769
480
32 1
0.0857142857143
481
56 20
0.294871794872
482
14 6
0.333333333333
483
36 19
0.1796875
484
27 1
0.5
485
52 11
0.24
486
6 4
0.416666666667
487
5 28
0.0701566951567
488
3 57
0.0638888888889
489
5 31
0.0833333333333
490
11 0
No check-in data available for this business to test...
491
56 21
0.116129032258
492
14 59
0.361111111111
493
4 57
0.288888888889
494
14 47
0.366666666667
495
39 30
No check-in data available for this business to test...
496
5 35
0.123391812865
497
45 27
1.0
498
10 58
0.305555555556
499
5 49
0.5
500
38 48
No check-in data available for this business to test...
501
11 38
1.0
502
36 45
0.461538461538
503
34 24
0.375
504
5 36
0.0
505
43 38
0.0120192307692
506
18 5
0.3
507
42 10
0.0279569892473
508
5 33
0.116446578631
509
27 48
0.0213032581454
510
27 52
0.0
511
10 47
0.219047619048
512
24 45
0.151178556529
513
27 16
No check-in data available for this business to test...
514
52 14
0.333333333333
515
16 0
1.0
516
5 24
0.333333333333
517
43 27
0.0812030075188
518
27 3
0.0243920972644
519
16 51
0.235555555556
520
3 39
0.0285714285714
521
36 11
0.267857142857
522
34 30
0.5
523
0 12
0.333333333333
524
31 23
0.260416666667
525
24 27
0.333333333333
526
1 38
0.0
527
14 45
0.166666666667
528
18 25
0.0294117647059
529
1 40
1.0
530
5 31
0.25
531
32 6
0.0
532
14 8
1.0
533
53 57
0.288888888889
534
0 56
No check-in data available for this business to test...
535
6 36
1.0
536
10 35
1.0
537
24 7
0.266666666667
538
36 8
0.0
539
27 45
0.102341137124
540
2 23
0.333333333333
541
18 1
0.138888888889
542
47 56
1.0
543
27 29
No check-in data available for this business to test...
544
14 47
0.333333333333
545
27 39
0.333333333333
546
14 10
No check-in data available for this business to test...
547
14 24
0.260416666667
548
31 20
1.0
549
1 48
1.0
550
30 36
0.277777777778
551
11 23
0.0
552
47 18
0.333333333333
553
54 1
1.0
554
56 31
1.0
555
14 47
0.0673818934688
556
0 7
1.0
557
0 34
No check-in data available for this business to test...
558
16 38
1.0
559
27 45
0.5
560
24 32
0.409090909091
561
59 1
0.270833333333
562
19 14
No check-in data available for this business to test...
563
54 56
1.0
564
47 21
1.0
565
10 19
0.375
566
3 27
0.375
567
47 10
No check-in data available for this business to test...
568
14 7
0.136054421769
569
10 40
0.5
570
14 7
0.5
571
39 51
0.5
572
5 15
0.0845295055821
573
16 20
0.0833333333333
574
39 31
1.0
575
32 39
0.0668973471742
576
28 33
No check-in data available for this business to test...
577
3 6
0.1875
578
5 2
0.344444444444
579
43 47
0.0492063492063
580
2 16
No check-in data available for this business to test...
581
6 3
0.0
582
56 36
0.194444444444
583
14 19
0.109729468967
584
10 31
0.190476190476
585
18 17
0.0
586
27 14
0.271794871795
587
42 29
No check-in data available for this business to test...
588
1 52
0.264912280702
589
16 56
0.172222222222
590
17 5
No sufficient businesses available in the surrounding area and for this category to find the crowd...
591
14 44
0.199346405229
592
24 45
No check-in data available for this business to test...
593
14 41
0.46875
594
57 1
0.416666666667
595
5 44
0.0865384615385
596
27 59
1.0
597
55 15
No check-in data available for this business to test...
598
42 28
0.410256410256
599
47 43
0.22
600
42 42
1.0
601
27 55
No check-in data available for this business to test...
602
47 33
0.375
603
36 13
1.0
604
6 17
0.056976976977
605
36 40
0.142857142857
606
50 2
1.0
607
39 26
0.181318681319
608
14 10
0.0642857142857
609
16 55
0.166666666667
610
32 26
0.2
611
1 30
0.229166666667
612
5 29
0.174768518519
613
32 58
No check-in data available for this business to test...
614
14 0
0.5
615
43 26
1.0
616
5 7
0.048
617
30 21
0.5
618
32 18
1.0
619
54 58
0.0835949764521
620
14 47
0.0
621
32 50
0.201923076923
622
36 0
1.0
623
52 32
0.075
624
57 18
0.25
625
2 54
0.197222222222
626
5 53
0.472222222222
627
18 17
0.0234756097561
628
59 11
1.0
629
14 32
1.0
630
58 52
0.222222222222
631
32 29
No check-in data available for this business to test...
632
3 24
0.285714285714
633
14 35
0.433333333333
634
6 38
0.569444444444
635
56 2
0.0526315789474
636
36 17
0.153333333333
637
54 6
0.377777777778
638
10 29
0.444444444444
639
24 50
0.307103825137
640
3 21
0.0331269349845
641
55 41
0.329824561404
642
0 27
0.5
643
32 59
0.227096774194
644
47 31
0.0135986733002
645
27 30
0.0723577235772
646
43 5
0.0152801358234
647
47 16
0.0
648
14 9
0.0228435672515
649
14 47
0.5
650
17 17
No check-in data available for this business to test...
651
32 52
0.0345238095238
652
27 41
No check-in data available for this business to test...
653
43 19
No check-in data available for this business to test...
654
45 10
1.0
655
5 24
0.0714285714286
656
3 21
0.333333333333
657
24 41
1.0
658
27 52
0.1
659
2 54
0.5
660
3 1
0.0768518518519
661
24 43
0.0152838732149
662
14 32
0.2
663
4 49
No check-in data available for this business to test...
664
27 45
0.333333333333
665
16 43
0.333333333333
666
38 15
No check-in data available for this business to test...
667
50 2
0.461538461538
668
54 26
1.0
669
16 19
0.3125
670
16 55
1.0
671
16 31
0.5
672
43 49
0.298245614035
673
43 40
0.0766666666667
674
56 18
0.00170068027211
675
16 26
0.454545454545
676
14 41
1.0
677
18 36
No check-in data available for this business to test...
678
14 52
0.3
679
31 20
1.0
680
47 2
0.0670454545455
681
16 40
0.181547619048
682
14 28
1.0
683
42 11
0.277777777778
684
47 57
0.0
685
36 55
0.333333333333
686
50 47
0.555555555556
687
32 1
0.359375
688
1 16
0.375
689
2 44
1.0
690
50 8
No check-in data available for this business to test...
691
36 8
0.25
692
10 59
0.333333333333
693
32 24
0.0998397435897
694
30 49
No check-in data available for this business to test...
695
43 22
0.103571428571
696
14 43
0.25
697
36 56
No check-in data available for this business to test...
698
32 15
No check-in data available for this business to test...
699
32 27
No check-in data available for this business to test...
700
5 6
0.309523809524
701
3 23
0.333333333333
702
5 11
0.202380952381
703
32 3
0.416666666667
704
5 55
0.239130434783
705
54 10
0.4
706
52 0
0.375
707
14 10
0.363636363636
708
47 34
0.0196078431373
709
43 43
0.347619047619
710
36 2
0.444444444444
711
47 3
No check-in data available for this business to test...
712
10 15
No check-in data available for this business to test...
713
52 28
0.160975609756
714
52 10
0.171428571429
715
59 44
0.105769230769
716
0 53
No check-in data available for this business to test...
717
24 50
0.213333333333
718
31 20
1.0
719
39 0
1.0
720
14 2
0.5
721
10 3
0.383920505872
722
2 40
0.0
723
4 21
1.0
724
52 9
0.5
725
5 24
No check-in data available for this business to test...
726
43 38
0.0143213268213
727
31 39
0.1875
728
43 21
0.0426295518207
729
50 11
0.075
730
39 2
No check-in data available for this business to test...
731
14 18
0.425
732
30 48
0.285714285714
733
56 11
0.0290658602151
734
31 12
0.133477633478
735
59 21
0.25
736
14 10
0.0306451612903
737
24 25
0.0551587301587
738
34 38
No check-in data available for this business to test...
739
14 9
0.240646258503
740
42 3
0.0849420849421
741
31 59
0.115
742
43 7
0.333333333333
743
32 7
No check-in data available for this business to test...
744
24 23
0.375
745
16 42
0.247311827957
746
32 17
0.325396825397
747
5 34
0.0039305424687
748
27 55
0.222142857143
749
39 11
0.5
750
3 58
0.571428571429
751
54 26
0.282051282051
752
47 42
1.0
753
55 23
0.333333333333
754
18 14
0.0
755
56 12
1.0
756
14 1
0.171818181818
757
6 8
0.277777777778
758
47 8
No check-in data available for this business to test...
759
56 16
0.308333333333
760
56 59
0.0409598459558
761
14 9
0.0892857142857
762
32 29
No check-in data available for this business to test...
763
24 0
0.333333333333
764
47 31
0.2
765
42 50
0.125
766
5 21
0.5
767
5 26
No check-in data available for this business to test...
768
16 28
0.115527950311
769
2 46
0.423076923077
770
14 56
0.452380952381
771
14 35
0.25
772
31 28
0.5
773
6 3
0.0887593132491
774
32 30
No check-in data available for this business to test...
775
27 33
0.0230092592593
776
5 46
0.283333333333
777
14 8
0.2
778
2 50
0.077380952381
779
16 16
0.267045454545
780
32 24
0.166666666667
781
10 58
0.5
782
43 54
0.296296296296
783
14 7
0.217222222222
784
36 42
1.0
785
57 29
1.0
786
10 37
1.0
787
34 12
0.279761904762
788
14 18
1.0
789
10 47
0.113636363636
790
14 7
0.101742160279
791
1 19
0.142857142857
792
16 10
0.349206349206
793
6 43
No check-in data available for this business to test...
794
5 58
0.5
795
1 41
0.325757575758
796
18 32
0.401234567901
797
36 2
0.333333333333
798
57 22
0.216666666667
799
47 13
0.0462962962963
800
6 49
No check-in data available for this business to test...
801
50 5
0.095
802
58 51
0.126016260163
803
4 26
0.0
804
4 21
1.0
805
14 38
0.45
806
9 43
1.0
807
14 43
0.125960061444
808
32 10
0.25641025641
809
14 36
0.5
810
36 56
No check-in data available for this business to test...
811
4 29
0.227272727273
812
10 56
0.5
813
52 23
0.5
814
58 34
0.0808080808081
815
24 21
0.25641025641
816
18 5
No check-in data available for this business to test...
817
56 52
No check-in data available for this business to test...
818
36 14
0.0804904051173
819
50 21
No check-in data available for this business to test...
820
2 51
0.4375
821
58 33
0.708333333333
822
32 25
1.0
823
31 37
0.5
824
39 57
0.124074074074
825
45 17
0.152380952381
826
18 4
1.0
827
52 31
1.0
828
34 27
0.229166666667
829
58 16
0.208333333333
830
4 38
1.0
831
0 58
0.444444444444
832
0 16
0.5
833
34 1
No check-in data available for this business to test...
834
57 30
0.072182821119
835
14 34
0.0760869565217
836
42 37
0.257142857143
837
43 32
0.183333333333
838
27 7
0.157407407407
839
50 32
0.631944444444
840
18 54
0.290322580645
841
0 37
1.0
842
27 25
0.10162601626
843
24 12
0.252116402116
844
43 45
0.0901515151515
845
16 42
0.124812030075
846
38 14
0.0696517412935
847
18 19
0.159090909091
848
42 39
0.0
849
1 3
No check-in data available for this business to test...
850
34 35
1.0
851
50 13
1.0
852
27 0
0.251275510204
853
24 13
0.272988505747
854
5 21
0.5
855
43 0
0.164285714286
856
2 22
0.359375
857
14 44
1.0
858
27 2
0.5
859
5 49
0.1875
860
14 18
0.333333333333
861
32 57
0.458333333333
862
14 51
0.169181034483
863
6 43
No check-in data available for this business to test...
864
36 17
0.271682340648
865
39 29
1.0
866
14 35
0.156481481481
867
14 1
0.0785714285714
868
5 22
0.384615384615
869
5 35
0.0949786324786
870
16 27
0.211818181818
871
3 38
1.0
872
2 58
0.333333333333
873
50 39
1.0
874
56 58
0.0
875
7 3
0.45
876
36 23
0.666666666667
877
6 29
No check-in data available for this business to test...
878
18 19
1.0
879
18 7
0.325925925926
880
24 14
0.183333333333
881
31 3
1.0
882
36 26
0.0998415998416
883
52 34
No check-in data available for this business to test...
884
36 42
0.444444444444
885
54 29
0.0
886
45 1
0.25
887
32 20
0.1875
888
3 38
0.107302867384
889
50 55
0.28
890
10 0
0.333333333333
891
18 20
0.0308441558442
892
32 12
0.156746031746
893
14 10
0.142857142857
894
3 23
No check-in data available for this business to test...
895
18 30
0.231818181818
896
5 47
0.111181257015
897
14 23
1.0
898
0 56
0.0685626102293
899
7 14
0.388888888889
900
27 11
0.20404040404
901
14 15
1.0
902
24 2
No check-in data available for this business to test...
903
5 21
0.0280337941628
904
4 17
No check-in data available for this business to test...
905
5 58
No check-in data available for this business to test...
906
18 5
1.0
907
18 2
0.5
908
2 12
0.5
909
6 23
0.5
910
24 21
No check-in data available for this business to test...
911
24 38
0.203703703704
912
27 47
No check-in data available for this business to test...
913
0 45
0.173611111111
914
42 40
0.5
915
43 3
1.0
916
47 35
No check-in data available for this business to test...
917
5 26
0.5
918
11 4
0.537878787879
919
58 20
1.0
920
32 9
1.0
921
53 8
1.0
922
32 29
0.0514041514042
923
27 53
No check-in data available for this business to test...
924
16 44
0.659090909091
925
43 28
0.0
926
27 58
0.0191357572502
927
0 45
0.5
928
2 16
0.25
929
43 26
0.45
930
36 8
0.25
931
43 40
0.333333333333
932
39 57
0.288888888889
933
39 51
0.135472370766
934
11 51
0.0219298245614
935
3 50
No check-in data available for this business to test...
936
0 44
0.123529411765
937
27 14
0.311111111111
938
18 56
0.333333333333
939
0 39
No check-in data available for this business to test...
940
50 3
0.296296296296
941
18 16
1.0
942
43 56
0.377777777778
943
4 21
1.0
944
14 1
0.0998595049305
945
47 28
0.464285714286
946
32 6
1.0
947
50 0
0.371794871795
948
16 19
0.25
949
18 9
No check-in data available for this business to test...
950
38 1
0.416666666667
951
16 3
0.3125
952
5 2
No check-in data available for this business to test...
953
36 3
0.5
954
56 13
0.284188034188
955
18 50
1.0
956
3 2
0.0540102181494
957
1 37
0.247126436782
958
24 41
0.1875
959
0 37
0.5
960
24 26
1.0
961
6 6
0.181818181818
962
56 34
0.0410714285714
963
43 43
No check-in data available for this business to test...
964
3 50
0.5
965
45 8
0.133986928105
966
50 32
0.168794326241
967
10 19
No check-in data available for this business to test...
968
6 38
0.133442265795
969
36 16
1.0
970
59 13
1.0
971
6 57
0.333333333333
972
27 13
0.117647058824
973
39 49
No check-in data available for this business to test...
974
3 20
0.202904929577
975
14 58
1.0
976
10 7
No check-in data available for this business to test...
977
10 40
No check-in data available for this business to test...
978
5 8
0.18
979
17 7
0.402116402116
980
32 56
0.030529755762
981
14 16
0.5
982
14 3
No check-in data available for this business to test...
983
18 7
0.0714285714286
984
4 11
1.0
985
56 17
0.256302521008
986
16 52
0.2
987
56 16
0.4
988
6 6
0.258417508418
989
24 18
No check-in data available for this business to test...
990
24 1
0.114285714286
991
39 21
0.488095238095
992
36 11
0.441176470588
993
4 30
1.0
994
24 6
0.595238095238
995
39 37
0.0223010437052
996
5 11
0.0952380952381
997
0 32
0.0660714285714
998
27 18
0.375
999
24 9
0.140873015873
1000
24 27
0.172494172494
1001
56 38
0.215762273902
1002
54 37
0.0833333333333
1003
10 55
0.5
1004
27 9
0.0312244897959
1005
36 2
0.119047619048
1006
43 15
0.0
1007
14 21
0.0538888888889
1008
27 45
0.173636363636
1009
50 32
0.193939393939
1010
53 46
0.333333333333
1011
36 45
1.0
1012
32 22
0.4
1013
24 32
0.288888888889
1014
42 49
0.333333333333
1015
32 23
0.333333333333
1016
50 24
0.150706436421
1017
32 41
No check-in data available for this business to test...
1018
50 16
No check-in data available for this business to test...
1019
3 22
1.0
1020
32 37
No check-in data available for this business to test...
1021
16 13
0.196396396396
1022
42 16
No check-in data available for this business to test...
1023
5 10
0.153846153846
1024
31 9
0.0
1025
36 59
1.0
1026
42 41
0.329824561404
1027
5 58
1.0
1028
5 10
0.0765765765766
1029
42 36
0.2125
1030
5 24
0.142857142857
1031
5 42
1.0
1032
47 9
0.0046768707483
1033
14 32
0.161904761905
1034
39 21
0.0580765639589
1035
36 13
0.202380952381
1036
43 7
0.0654761904762
1037
0 3
0.143939393939
1038
6 24
1.0
1039
43 19
0.352508361204
1040
27 30
0.107196969697
1041
5 14
0.0805315055315
1042
5 22
0.166666666667
1043
24 21
0.5
1044
2 45
0.05
1045
52 16
0.169696969697
1046
24 8
No check-in data available for this business to test...
1047
14 10
0.18635250918
1048
43 25
0.0685950413223
1049
6 22
No check-in data available for this business to test...
1050
36 13
0.178571428571
1051
27 22
1.0
1052
50 31
0.0
1053
5 42
0.5
1054
32 13
0.0490663109756
1055
59 23
0.515873015873
1056
14 55
0.1
1057
59 8
0.275151515152
1058
32 29
0.0964285714286
1059
39 6
0.277777777778
1060
14 9
0.0765224358974
1061
32 56
1.0
1062
0 34
1.0
1063
0 27
1.0
1064
38 43
0.244444444444
1065
4 49
1.0
1066
36 34
0.25
1067
14 55
0.296296296296
1068
27 58
0.142857142857
1069
16 14
0.255747126437
1070
30 47
0.0863095238095
1071
1 17
0.4
1072
1 21
1.0
1073
17 20
0.333333333333
1074
27 51
0.333333333333
1075
0 18
0.0772306397306
1076
18 41
0.0
1077
27 25
0.106758832565
1078
47 29
0.454545454545
1079
36 2
0.162454212454
1080
36 0
No check-in data available for this business to test...
1081
50 28
1.0
1082
3 39
0.5
1083
36 5
0.171428571429
1084
54 57
0.431034482759
1085
6 6
0.17972972973
1086
27 13
0.273333333333
1087
0 33
0.24025974026
1088
59 25
1.0
1089
6 0
0.24358974359
1090
47 15
0.5
1091
27 18
1.0
1092
32 3
No check-in data available for this business to test...
1093
2 6
0.4
1094
47 18
0.15
1095
2 13
0.0
1096
6 4
0.333333333333
1097
5 26
0.00484610635859
1098
14 34
0.5
1099
45 51
0.291666666667
1100
14 26
0.214285714286
1101
1 59
0.333333333333
1102
53 19
1.0
1103
59 35
1.0
1104
32 7
No check-in data available for this business to test...
1105
18 40
No check-in data available for this business to test...
1106
32 9
0.385416666667
1107
32 37
1.0
1108
36 40
0.4375
1109
16 15
0.5
1110
5 36
0.0
1111
32 17
0.0132042619543
1112
14 14
No check-in data available for this business to test...
1113
18 35
0.22
1114
14 2
0.4375
1115
27 33
0.0537357379463
1116
17 29
0.286821705426
1117
0 6
1.0
1118
54 56
No check-in data available for this business to test...
1119
18 1
No check-in data available for this business to test...
1120
43 15
0.099537037037
1121
36 21
0.116666666667
1122
39 12
0.298368298368
1123
31 24
0.00986193293886
1124
47 9
0.142857142857
1125
43 26
1.0
1126
11 26
No check-in data available for this business to test...
1127
56 6
No check-in data available for this business to test...
1128
18 31
0.611111111111
1129
58 43
0.5
1130
6 27
0.307692307692
1131
30 32
0.430555555556
1132
14 23
0.392857142857
1133
5 14
0.0
1134
50 21
1.0
1135
59 49
0.326923076923
1136
6 43
1.0
1137
34 46
1.0
1138
24 6
0.127272727273
1139
31 12
0.188461538462
1140
5 36
1.0
1141
57 4
1.0
1142
6 11
0.113636363636
1143
38 1
0.431818181818
1144
30 54
0.266666666667
1145
0 4
0.166666666667
1146
24 23
1.0
1147
10 58
0.128951781971
1148
6 1
0.45
1149
24 55
0.35
1150
14 42
0.5
1151
3 24
0.5
1152
0 52
0.042291042291
1153
14 35
0.115384615385
1154
14 7
0.333333333333
1155
59 4
0.222857142857
1156
24 39
0.12
1157
27 20
0.5
1158
31 37
0.205128205128
1159
4 7
0.5
1160
14 35
0.5
1161
31 0
0.0
1162
59 58
1.0
1163
43 34
No check-in data available for this business to test...
1164
56 32
0.166666666667
1165
14 40
0.222222222222
1166
42 26
0.0240441003988
1167
39 9
0.416666666667
1168
5 46
0.00476467847158
1169
30 21
0.266666666667
1170
14 24
0.0873015873016
1171
58 45
0.458333333333
1172
42 39
0.0
1173
5 39
1.0
1174
42 14
0.5
1175
24 11
No check-in data available for this business to test...
1176
5 36
1.0
1177
56 52
0.0925925925926
1178
52 20
1.0
1179
14 13
0.333333333333
1180
3 38
0.115598290598
1181
30 15
0.333333333333
1182
16 7
0.75
1183
0 48
No check-in data available for this business to test...
1184
47 11
0.5
1185
14 41
No check-in data available for this business to test...
1186
5 19
0.0355780780781
1187
1 58
0.268571428571
1188
18 56
0.0
1189
17 55
1.0
1190
1 15
1.0
1191
14 37
0.5
1192
54 43
0.145714285714
1193
27 3
No check-in data available for this business to test...
1194
47 35
No check-in data available for this business to test...
1195
32 17
0.142857142857
1196
45 53
0.333333333333
1197
54 21
0.2
1198
6 8
0.277777777778
1199
1 14
0.126923076923
1200
47 9
0.353535353535
1201
32 45
0.0439324497296
1202
57 51
1.0
1203
18 3
1.0
1204
58 35
0.0882352941176
1205
27 8
0.0769230769231
1206
2 37
1.0
1207
2 23
0.157608695652
1208
59 17
0.257575757576
1209
14 28
1.0
1210
32 6
0.114583333333
1211
56 20
No check-in data available for this business to test...
1212
39 11
0.166666666667
1213
32 30
1.0
1214
24 0
0.25
1215
47 0
0.0
1216
14 47
0.414141414141
1217
27 24
0.566666666667
1218
45 39
1.0
1219
5 36
0.0348837209302
1220
47 26
No check-in data available for this business to test...
1221
18 19
0.143680709534
1222
43 28
0.142857142857
1223
16 28
0.5
1224
14 49
0.45
1225
3 38
0.5
1226
14 6
0.136363636364
1227
18 41
0.0134479717813
1228
5 58
0.357142857143
1229
11 53
0.242424242424
1230
42 32
0.185714285714
1231
59 40
0.465007215007
1232
10 9
0.106976744186
1233
6 33
0.242424242424
1234
39 37
0.0743006993007
1235
3 28
0.0790816326531
1236
5 59
1.0
1237
53 43
0.25
1238
50 34
1.0
1239
27 5
1.0
1240
34 46
0.138461538462
1241
27 29
0.375
1242
27 34
1.0
1243
30 22
0.178571428571
1244
52 1
0.145833333333
1245
36 19
0.6875
1246
0 47
0.375
1247
5 1
No check-in data available for this business to test...
1248
11 9
No check-in data available for this business to test...
1249
5 58
0.5
1250
3 11
0.25
1251
14 19
0.0232876712329
1252
52 33
0.132051282051
1253
0 17
0.0625
1254
16 9
0.0
1255
10 56
0.5
1256
42 44
No check-in data available for this business to test...
1257
54 45
1.0
1258
47 37
No check-in data available for this business to test...
1259
27 2
1.0
1260
32 29
No check-in data available for this business to test...
1261
17 7
0.333333333333
1262
16 59
0.416666666667
1263
2 23
0.234375
1264
27 39
1.0
1265
18 50
No check-in data available for this business to test...
1266
39 22
0.111111111111
1267
3 6
0.0979797979798
1268
17 19
0.0
1269
0 6
No check-in data available for this business to test...
1270
9 13
0.26875
1271
1 43
0.0169014084507
1272
27 20
0.108695652174
1273
47 54
0.016212406015
1274
5 29
0.237102255175
1275
5 58
1.0
1276
47 9
0.276515151515
1277
14 32
0.0837104072398
1278
42 13
No check-in data available for this business to test...
1279
47 2
0.333333333333
1280
56 41
0.333333333333
1281
27 1
0.157467532468
1282
54 24
0.0
1283
14 32
0.130555555556
1284
32 34
0.5
1285
14 21
0.333333333333
1286
27 43
0.152380952381
1287
0 7
1.0
1288
45 20
0.141025641026
1289
14 35
0.2
1290
47 28
0.0523138832998
1291
36 7
0.5
1292
6 24
No check-in data available for this business to test...
1293
56 35
0.0562770562771
1294
24 19
0.228205128205
1295
14 38
No check-in data available for this business to test...
1296
3 18
0.5
1297
24 6
0.5
1298
43 17
0.1875
1299
14 41
1.0
1300
5 34
0.015873015873
1301
2 19
0.5
1302
42 33
0.0309523809524
1303
5 37
0.230769230769
1304
58 12
0.25
1305
4 57
0.5
1306
31 25
0.909090909091
1307
52 16
0.159090909091
1308
14 39
0.352
1309
4 32
No check-in data available for this business to test...
1310
32 37
No check-in data available for this business to test...
1311
6 5
0.211538461538
1312
32 22
0.333333333333
1313
10 29
0.25
1314
32 29
0.209401709402
1315
56 21
0.0
1316
42 27
0.0
1317
6 1
1.0
1318
3 50
No check-in data available for this business to test...
1319
27 5
0.244444444444
1320
56 24
0.0610891796376
1321
14 18
0.333333333333
1322
31 23
No check-in data available for this business to test...
1323
24 17
0.145454545455
1324
56 59
0.0454545454545
1325
59 9
0.5
1326
43 4
0.123641304348
1327
5 6
0.120879120879
1328
24 33
1.0
1329
57 44
0.25
1330
27 52
0.333333333333
1331
7 4
1.0
1332
14 10
0.5
1333
5 32
0.283333333333
1334
43 52
0.179487179487
1335
5 47
0.116541353383
1336
5 30
0.135714285714
1337
5 37
0.222969187675
1338
47 23
No check-in data available for this business to test...
1339
52 13
0.196428571429
1340
42 22
0.00936329588015
1341
31 54
0.0505102040816
1342
16 14
0.0714285714286
1343
50 39
1.0
1344
3 0
0.358796296296
1345
1 34
1.0
1346
6 35
0.270833333333
1347
36 0
0.25
1348
2 20
0.111414693382
1349
52 57
1.0
1350
14 5
No check-in data available for this business to test...
1351
27 53
0.0
1352
11 55
0.349673202614
1353
16 5
0.186290322581
1354
16 14
0.5
1355
54 1
1.0
1356
10 32
0.5
1357
0 52
0.5
1358
6 22
No check-in data available for this business to test...
1359
56 53
0.0
1360
5 38
No check-in data available for this business to test...
1361
43 49
0.40625
1362
18 40
No check-in data available for this business to test...
1363
54 43
0.264367816092
1364
32 27
0.458333333333
1365
24 25
0.138888888889
1366
24 7
0.5
1367
30 10
0.229166666667
1368
50 14
No check-in data available for this business to test...
1369
52 8
0.25
1370
14 35
0.12777284827
1371
5 49
1.0
1372
32 4
No check-in data available for this business to test...
1373
31 41
0.3875
1374
47 57
0.0120068610635
1375
24 42
0.122222222222
1376
14 14
1.0
1377
56 38
1.0
1378
5 45
1.0
1379
59 1
0.666666666667
1380
47 43
0.167857142857
1381
16 10
No check-in data available for this business to test...
1382
3 36
0.0
1383
3 40
0.434782608696
1384
36 15
1.0
1385
42 52
1.0
1386
16 19
0.5
1387
18 16
No check-in data available for this business to test...
1388
52 58
0.466666666667
1389
0 33
0.237577639752
1390
36 2
0.386904761905
1391
32 56
No check-in data available for this business to test...
1392
36 10
0.166666666667
1393
27 53
No check-in data available for this business to test...
1394
16 2
0.607843137255
1395
32 37
1.0
1396
6 44
1.0
1397
2 12
1.0
1398
3 1
0.0219547251168
1399
5 58
0.215909090909
1400
39 37
0.0
1401
2 23
No check-in data available for this business to test...
1402
14 45
0.270833333333
1403
59 34
0.124242424242
1404
14 35
0.2
1405
0 7
0.0666236374068
1406
0 40
0.5
1407
16 10
0.291666666667
1408
0 42
0.578431372549
1409
6 59
No check-in data available for this business to test...
1410
50 20
No check-in data available for this business to test...
1411
31 21
0.300925925926
1412
5 9
0.5
1413
32 46
0.216666666667
1414
27 30
0.0576355542217
1415
42 22
1.0
1416
31 0
0.0475774225774
1417
0 12
0.111111111111
1418
24 12
0.333333333333
1419
5 21
No check-in data available for this business to test...
1420
47 22
No check-in data available for this business to test...
1421
14 45
No check-in data available for this business to test...
1422
27 51
No check-in data available for this business to test...
1423
16 53
0.242424242424
1424
53 2
0.0833333333333
1425
36 48
0.5
1426
36 2
0.190476190476
1427
16 41
0.285714285714
1428
57 14
1.0
1429
24 52
0.101851851852
1430
30 33
1.0
1431
24 26
0.0
1432
17 18
No check-in data available for this business to test...
1433
14 38
0.409090909091
1434
18 39
0.0
1435
14 35
0.0
1436
16 6
0.428571428571
1437
18 42
0.241666666667
1438
32 38
0.5
1439
4 55
No check-in data available for this business to test...
1440
14 41
No check-in data available for this business to test...
1441
3 0
0.138375191795
1442
2 51
0.309523809524
1443
56 5
0.5
1444
43 32
0.115306915307
1445
14 9
0.139194139194
1446
42 56
0.5
1447
47 42
0.124324324324
1448
43 58
0.01470101714
1449
24 59
0.134656084656
1450
43 7
0.270833333333
1451
14 55
0.5
1452
47 28
0.921052631579
1453
47 22
1.0
1454
27 51
0.166666666667
1455
10 18
0.195238095238
1456
6 18
No check-in data available for this business to test...
1457
50 17
No check-in data available for this business to test...
1458
6 0
0.138888888889
1459
14 7
0.5
1460
24 26
1.0
1461
5 10
0.0722222222222
1462
31 23
0.160714285714
1463
0 33
0.5125
1464
31 18
1.0
1465
2 28
0.204545454545
1466
43 36
0.268115942029
1467
27 33
0.22
1468
42 36
0.252192982456
1469
34 9
1.0
1470
32 31
No check-in data available for this business to test...
1471
4 3
0.271875
1472
5 59
0.4
1473
50 56
0.454545454545
1474
24 2
0.333333333333
1475
14 1
0.259259259259
1476
6 49
No check-in data available for this business to test...
1477
2 45
1.0
1478
6 42
0.217380645952
1479
32 1
0.0145442245899
1480
24 18
No check-in data available for this business to test...
1481
50 34
0.966666666667
1482
0 51
0.159722222222
1483
4 0
0.5
1484
3 40
0.375
1485
31 37
0.428571428571
1486
5 52
0.142857142857
1487
42 29
No check-in data available for this business to test...
1488
18 53
0.54214559387
1489
47 18
0.259259259259
1490
30 51
0.203133903134
1491
27 54
0.109375
1492
24 39
0.0346153846154
1493
16 16
1.0
1494
1 0
0.117699910153
1495
59 44
0.25
1496
36 48
1.0
1497
0 25
0.25
1498
5 49
0.0980769230769
1499
17 41
0.0817467948718
1500
18 10
0.384615384615
1501
4 40
No check-in data available for this business to test...
1502
14 33
0.0690677966102
1503
43 30
1.0
1504
52 24
0.184782608696
1505
16 5
0.165306122449
1506
0 36
0.4375
1507
3 21
0.0926406926407
1508
42 27
0.291666666667
1509
42 0
1.0
1510
45 24
0.166666666667
1511
19 41
No check-in data available for this business to test...
1512
47 50
0.0176256492046
1513
17 44
0.6
1514
57 59
0.259259259259
1515
24 15
0.5
1516
47 30
1.0
1517
5 49
0.030303030303
1518
3 57
0.266666666667
1519
3 21
0.0
1520
14 16
0.136842105263
1521
14 21
0.178571428571
1522
2 28
0.277777777778
1523
6 30
No check-in data available for this business to test...
1524
14 28
1.0
1525
27 59
0.375
1526
36 6
0.13125
1527
36 2
0.0880208333333
1528
11 30
0.217948717949
1529
54 26
No check-in data available for this business to test...
1530
50 41
No check-in data available for this business to test...
1531
16 12
0.5
1532
54 25
0.291666666667
1533
47 11
0.4375
1534
18 19
1.0
1535
47 57
0.0146722164412
1536
31 22
0.666666666667
1537
31 35
0.175900900901
1538
14 17
0.31884057971
1539
31 10
0.375
1540
39 18
0.704545454545
1541
2 2
No check-in data available for this business to test...
1542
6 9
0.158620689655
1543
18 50
No check-in data available for this business to test...
1544
52 35
1.0
1545
43 15
0.0505050505051
1546
16 5
0.5
1547
24 51
0.4375
1548
43 20
No check-in data available for this business to test...
1549
14 35
No check-in data available for this business to test...
1550
14 31
No check-in data available for this business to test...
1551
2 45
0.215277777778
1552
18 45
0.0180327025915
1553
1 23
0.25
1554
24 37
0.333333333333
1555
52 8
1.0
1556
56 6
No check-in data available for this business to test...
1557
2 6
1.0
1558
16 18
0.428571428571
1559
47 18
0.428571428571
1560
2 59
No check-in data available for this business to test...
1561
36 4
0.156363636364
1562
1 19
0.333333333333
1563
0 37
0.152777777778
1564
0 34
0.0
1565
52 39
0.116666666667
1566
32 6
0.14
1567
56 52
0.18
1568
6 4
0.361111111111
1569
14 16
No check-in data available for this business to test...
1570
52 19
0.475
1571
14 10
1.0
1572
18 1
0.0
1573
14 14
No check-in data available for this business to test...
1574
0 10
1.0
1575
36 30
0.103988603989
1576
24 56
0.0752688172043
1577
54 56
0.444444444444
1578
50 58
No check-in data available for this business to test...
1579
2 9
1.0
1580
58 58
0.25
1581
14 37
1.0
1582
52 41
1.0
1583
27 5
0.131818181818
1584
6 16
0.286195286195
1585
1 27
1.0
1586
6 8
1.0
1587
52 39
0.207843137255
1588
58 26
0.454545454545
1589
59 54
0.0
1590
36 32
1.0
1591
8 17
1.0
1592
36 10
0.237745098039
1593
24 45
0.041910331384
1594
32 44
0.5
1595
5 57
0.077380952381
1596
47 34
0.0322580645161
1597
55 6
0.515555555556
1598
27 29
No check-in data available for this business to test...
1599
14 55
0.5
1600
50 20
0.333333333333
1601
52 10
1.0
1602
14 3
1.0
1603
56 52
0.00645161290323
1604
50 5
0.0524109014675
1605
16 40
0.266666666667
1606
27 25
No check-in data available for this business to test...
1607
46 0
No check-in data available for this business to test...
1608
18 1
0.0232147562582
1609
0 14
0.111324786325
1610
17 6
0.286324786325
1611
31 0
0.333333333333
1612
14 10
0.028798185941
1613
31 35
0.0
1614
11 16
0.404761904762
1615
42 48
No check-in data available for this business to test...
1616
5 30
0.174774774775
1617
5 21
0.010243902439
1618
24 58
No check-in data available for this business to test...
1619
52 13
0.285714285714
1620
58 14
0.328571428571
1621
18 50
No check-in data available for this business to test...
1622
16 57
0.122222222222
1623
0 31
No check-in data available for this business to test...
1624
6 22
0.0549450549451
1625
43 24
0.375
1626
24 13
0.119916485113
1627
4 59
No check-in data available for this business to test...
1628
55 11
1.0
1629
27 51
0.00896464646465
1630
9 46
1.0
1631
57 28
0.484848484848
1632
38 23
0.5
1633
5 34
0.049031986532
1634
18 5
0.333333333333
1635
31 10
0.223684210526
1636
16 0
0.333333333333
1637
52 24
0.30303030303
1638
24 15
0.416666666667
1639
27 0
0.304166666667
1640
2 59
1.0
1641
27 51
1.0
1642
1 35
1.0
1643
36 31
1.0
1644
58 13
0.222222222222
1645
43 34
No check-in data available for this business to test...
1646
18 35
0.2875
1647
42 40
1.0
1648
54 52
No check-in data available for this business to test...
1649
52 41
0.222222222222
1650
5 30
0.222222222222
1651
52 8
0.153846153846
1652
5 52
0.0448408871745
1653
10 58
0.0802165670587
1654
16 42
0.0972222222222
1655
32 33
1.0
1656
47 7
No check-in data available for this business to test...
1657
3 38
0.4
1658
59 36
1.0
1659
47 8
No check-in data available for this business to test...
1660
0 1
0.333333333333
1661
14 27
0.5
1662
10 19
No check-in data available for this business to test...
1663
47 56
0.145882352941
1664
36 50
0.458558558559
1665
0 52
0.5
1666
1 8
1.0
1667
43 20
No check-in data available for this business to test...
1668
32 39
0.0110334110334
1669
2 23
0.209819121447
1670
16 46
0.409090909091
1671
52 12
0.216666666667
1672
52 30
1.0
1673
31 3
1.0
1674
32 19
0.0
1675
36 31
No check-in data available for this business to test...
1676
43 38
0.5
1677
3 27
0.0100281725735
1678
14 44
0.1
1679
52 9
1.0
1680
10 58
0.333333333333
1681
5 24
No check-in data available for this business to test...
1682
54 0
0.15
1683
14 20
0.6
1684
4 36
No check-in data available for this business to test...
1685
34 18
0.25
1686
32 7
1.0
1687
11 37
0.44
1688
10 11
0.147222222222
1689
30 16
0.309523809524
1690
16 33
0.260416666667
1691
14 55
0.120971620972
1692
14 34
0.333333333333
1693
56 6
0.549242424242
1694
5 25
0.0
1695
24 44
0.5
1696
50 34
0.416666666667
1697
10 20
0.277777777778
1698
5 10
0.0
1699
5 12
No check-in data available for this business to test...
1700
5 0
0.0838413382594
1701
47 18
0.5
1702
18 15
0.00525033602151
1703
10 55
No check-in data available for this business to test...
1704
0 44
0.176767676768
1705
0 3
0.259259259259
1706
5 49
0.25
1707
36 52
No check-in data available for this business to test...
1708
32 38
0.287878787879
1709
14 50
1.0
1710
24 41
1.0
1711
43 5
0.030303030303
1712
47 34
0.0620689655172
1713
27 6
0.16
1714
6 20
1.0
1715
50 24
0.178333333333
1716
18 14
0.14
1717
24 36
0.5
1718
43 17
0.205714285714
1719
38 39
0.0411102382823
1720
1 24
0.25
1721
36 8
0.416666666667
1722
18 21
0.75
1723
50 12
0.240740740741
1724
43 11
No check-in data available for this business to test...
1725
43 15
0.0559027777778
1726
45 18
0.0789115646259
1727
59 49
0.388888888889
1728
16 22
0.5
1729
24 58
No check-in data available for this business to test...
1730
45 35
No check-in data available for this business to test...
1731
31 23
No check-in data available for this business to test...
1732
58 18
0.296296296296
1733
27 58
0.0
1734
59 49
0.311111111111
1735
6 16
0.340852130326
1736
5 3
0.0279569892473
1737
47 9
0.174265450861
1738
39 8
No check-in data available for this business to test...
1739
0 46
No check-in data available for this business to test...
1740
14 6
1.0
1741
47 44
0.588235294118
1742
1 18
No check-in data available for this business to test...
1743
14 21
0.253716090673
1744
0 27
No check-in data available for this business to test...
1745
3 23
0.5
1746
11 8
No check-in data available for this business to test...
1747
30 24
0.0610248447205
1748
6 49
1.0
1749
47 28
0.4375
1750
43 13
0.5
1751
58 33
1.0
1752
18 13
0.030753968254
1753
52 41
0.217391304348
1754
54 7
0.288888888889
1755
47 45
No check-in data available for this business to test...
1756
4 8
No check-in data available for this business to test...
1757
17 38
1.0
1758
18 50
1.0
1759
56 57
0.5
1760
36 19
0.162962962963
1761
58 0
0.25
1762
1 15
No check-in data available for this business to test...
1763
18 7
0.001001001001
1764
1 47
1.0
1765
32 38
0.333333333333
1766
4 19
No check-in data available for this business to test...
1767
5 13
0.625
1768
14 9
0.150966183575
1769
5 21
0.333333333333
1770
47 1
0.242424242424
1771
58 12
0.15
1772
58 3
1.0
1773
6 2
No check-in data available for this business to test...
1774
57 25
0.0
1775
1 3
0.375
1776
5 22
0.5
1777
47 56
0.396825396825
1778
5 29
0.5
1779
30 16
0.279166666667
1780
24 32
0.373015873016
1781
58 16
No check-in data available for this business to test...
1782
54 20
0.0248544180944
1783
24 16
0.298181818182
1784
42 20
0.056938954765
1785
42 31
0.0819964349376
1786
24 12
0.5
1787
16 27
0.561538461538
1788
4 30
0.294117647059
1789
18 52
0.5
1790
18 19
0.0
1791
32 27
0.285714285714
1792
27 51
0.0111561866126
1793
43 3
0.285714285714
1794
5 44
0.075
1795
50 37
0.102040816327
1796
14 41
0.222222222222
1797
0 56
0.0314221103695
1798
16 11
0.3
1799
18 40
0.333333333333
1800
0 52
No check-in data available for this business to test...
1801
14 14
No check-in data available for this business to test...
1802
27 47
1.0
1803
6 38
0.03125
1804
0 18
0.06417167219
1805
17 29
1.0
1806
42 30
0.166666666667
1807
30 12
No check-in data available for this business to test...
1808
58 17
0.283333333333
1809
43 55
1.0
1810
5 37
0.296296296296
1811
18 6
0.333333333333
1812
3 55
0.0
1813
27 20
0.184210526316
1814
3 32
0.0104166666667
1815
16 19
0.2175
1816
0 29
1.0
1817
56 0
0.183555555556
1818
5 24
0.0714285714286
1819
18 49
0.194117647059
1820
45 24
0.25
1821
56 40
1.0
1822
58 15
1.0
1823
17 47
0.393333333333
1824
14 26
0.4
1825
24 14
0.285714285714
1826
58 22
1.0
1827
0 18
0.0069623359097
1828
10 43
0.461538461538
1829
47 39
0.0332187857961
1830
1 8
No check-in data available for this business to test...
1831
14 32
0.125
1832
27 47
0.021325209444
1833
24 14
0.078431372549
1834
0 23
0.0431893687708
1835
3 22
0.5
1836
18 52
0.5
1837
24 25
No check-in data available for this business to test...
1838
59 34
0.0
1839
16 23
0.188596491228
1840
27 58
0.221818181818
1841
27 4
1.0
1842
3 58
0.791666666667
1843
27 16
1.0
1844
43 36
0.333333333333
1845
18 36
0.5
1846
52 41
0.42
1847
54 30
0.5
1848
10 53
0.158333333333
1849
27 20
0.19
1850
5 58
No check-in data available for this business to test...
1851
14 31
0.5
1852
14 31
1.0
1853
47 42
0.00283607487238
1854
17 7
No check-in data available for this business to test...
1855
36 27
0.333333333333
1856
4 8
No check-in data available for this business to test...
1857
4 20
No check-in data available for this business to test...
1858
43 34
1.0
1859
36 13
0.25
1860
16 57
1.0
1861
14 42
0.5
1862
56 35
0.161619193132
1863
24 52
1.0
1864
57 45
0.5
1865
38 55
0.143939393939
1866
0 45
0.25
1867
31 37
No check-in data available for this business to test...
1868
36 11
0.132160110421
1869
4 46
0.0
1870
24 18
No check-in data available for this business to test...
1871
2 43
0.0
1872
10 29
0.5
1873
0 47
0.5
1874
0 52
0.0892857142857
1875
36 8
0.5
1876
16 51
0.466666666667
1877
50 20
1.0
1878
27 42
0.329032258065
1879
0 25
0.375
1880
27 2
0.5
1881
0 19
0.25
1882
17 23
0.428571428571
1883
3 58
0.21
1884
54 40
0.441176470588
1885
43 35
0.5
1886
43 0
0.268115942029
1887
19 45
0.5
1888
50 40
0.154285714286
1889
32 27
0.205952380952
1890
16 29
No check-in data available for this business to test...
1891
14 35
0.2
1892
43 17
0.0
1893
42 1
No check-in data available for this business to test...
1894
10 33
0.428571428571
1895
11 26
0.0
1896
52 25
0.0352303523035
1897
27 1
0.4
1898
2 14
0.13
1899
39 9
0.375
1900
30 59
0.5
1901
24 23
0.0117665130568
1902
16 54
1.0
1903
52 41
0.130447330447
1904
58 13
0.461538461538
1905
32 38
1.0
1906
2 13
0.242424242424
1907
0 11
0.277777777778
1908
50 24
0.0549516908213
1909
58 9
1.0
1910
18 46
No check-in data available for this business to test...
1911
14 29
0.222222222222
1912
3 21
0.0808393532852
1913
43 54
0.1
1914
52 36
0.470588235294
1915
14 6
0.306211180124
1916
0 27
0.0
1917
24 47
0.0
1918
14 35
0.340277777778
1919
30 37
0.375
1920
39 33
1.0
1921
43 20
No check-in data available for this business to test...
1922
18 9
No check-in data available for this business to test...
1923
14 43
0.137188208617
1924
16 51
0.5
1925
54 19
No check-in data available for this business to test...
1926
58 58
0.403846153846
1927
47 37
0.32298136646
1928
1 14
0.160714285714
1929
3 42
0.0953731343284
1930
10 10
0.12
1931
4 51
1.0
1932
14 44
0.147435897436
1933
16 9
0.333333333333
1934
16 56
0.235491071429
1935
0 37
0.5
1936
2 56
0.273333333333
1937
39 17
0.15
1938
5 45
0.125
1939
58 55
1.0
1940
56 32
0.5
1941
14 17
0.375
1942
30 21
0.5
1943
50 11
1.0
1944
4 23
1.0
1945
36 2
0.0977443609023
1946
45 59
0.5
1947
14 18
No check-in data available for this business to test...
1948
30 2
0.3
1949
47 4
0.105902777778
1950
27 7
0.190476190476
1951
14 40
0.197368421053
1952
18 45
0.0557170542636
1953
24 10
0.0738536155203
1954
52 22
0.226619433198
1955
27 22
No check-in data available for this business to test...
1956
52 48
0.28125
1957
27 45
No check-in data available for this business to test...
1958
32 50
0.0875
1959
14 31
0.0
1960
32 23
0.0416666666667
1961
43 50
0.25
1962
14 38
1.0
1963
19 38
No sufficient businesses available in the surrounding area and for this category to find the crowd...
1964
3 50
1.0
1965
47 48
0.338888888889
1966
31 29
0.0929292929293
1967
2 16
0.291666666667
1968
56 54
0.5
1969
6 14
1.0
1970
32 34
0.187727272727
1971
56 2
0.472222222222
1972
5 37
No check-in data available for this business to test...
1973
6 53
0.266666666667
1974
57 29
0.0724637681159
1975
34 28
0.5
1976
36 0
No check-in data available for this business to test...
1977
36 11
0.213450292398
1978
14 55
0.175438596491
1979
36 28
0.75
1980
31 23
0.5
1981
54 26
1.0
1982
24 52
0.14880952381
1983
24 5
No check-in data available for this business to test...
1984
1 52
0.217948717949
1985
32 22
0.3125
1986
32 13
0.00519818063678
1987
10 0
No check-in data available for this business to test...
1988
14 51
1.0
1989
42 47
0.164473684211
1990
2 19
No check-in data available for this business to test...
1991
16 51
0.416666666667
1992
14 22
0.5
1993
14 17
0.5
1994
42 28
1.0
1995
14 16
1.0
1996
6 29
1.0
1997
57 6
1.0
1998
14 47
No check-in data available for this business to test...
1999
27 54
0.010634293243
2000
42 20
0.225
2001
3 13
0.0697209653092
2002
54 39
0.142857142857
2003
3 0
0.246710526316
2004
50 35
No check-in data available for this business to test...
2005
24 23
No check-in data available for this business to test...
2006
18 29
0.5
2007
27 56
0.0976098706362
2008
14 6
0.404761904762
2009
27 2
0.357142857143
2010
31 15
1.0
2011
2 49
0.267532467532
2012
18 1
0.0364583333333
2013
36 8
0.0338061465721
2014
3 32
0.390350877193
2015
36 18
0.375
2016
14 16
0.375
2017
52 19
0.366666666667
2018
59 42
0.5
2019
52 8
1.0
2020
3 27
0.333333333333
2021
14 44
0.0580459770115
2022
43 0
0.133333333333
2023
50 8
0.375
2024
0 4
1.0
2025
6 32
0.350793650794
2026
0 4
1.0
2027
10 32
0.166666666667
2028
58 55
No check-in data available for this business to test...
2029
2 59
No check-in data available for this business to test...
2030
32 30
0.423076923077
2031
27 25
0.5
2032
54 50
0.5
2033
18 33
0.147962962963
2034
47 11
1.0
2035
43 42
0.0182201958798
2036
11 42
0.311111111111
2037
2 38
0.5
2038
32 20
0.208333333333
2039
16 32
0.333333333333
2040
5 56
0.3
2041
50 7
No check-in data available for this business to test...
2042
32 9
No check-in data available for this business to test...
2043
36 50
0.191666666667
2044
43 50
1.0
2045
0 50
1.0
2046
32 27
0.5
2047
43 27
0.0208084653725
2048
43 5
0.025641025641
2049
36 25
0.118077837195
2050
32 29
0.0
2051
0 48
0.264285714286
2052
3 1
0.5
2053
0 54
No check-in data available for this business to test...
2054
16 2
No check-in data available for this business to test...
2055
50 12
0.333333333333
2056
14 45
0.253333333333
2057
47 27
0.0
2058
39 8
0.4
2059
18 12
0.0285714285714
2060
24 22
0.0212418300654
2061
27 8
0.125
2062
6 10
0.2
2063
18 5
1.0
2064
18 7
0.109211775878
2065
27 29
No check-in data available for this business to test...
2066
36 41
0.333333333333
2067
6 57
0.307692307692
2068
50 5
0.0434782608696
2069
4 51
1.0
2070
5 37
0.5
2071
43 45
0.0
2072
1 52
0.259259259259
2073
14 36
0.11145320197
2074
2 6
1.0
2075
27 36
0.0
2076
10 30
0.3
2077
43 32
1.0
2078
36 8
0.0
2079
47 8
1.0
2080
14 13
No check-in data available for this business to test...
2081
18 10
No check-in data available for this business to test...
2082
10 17
0.25
2083
27 58
1.0
2084
42 4
1.0
2085
14 12
0.212121212121
2086
30 33
0.163265306122
2087
1 27
0.5
2088
14 42
0.5
2089
32 20
1.0
2090
42 47
0.403846153846
2091
24 39
0.0214558283534
2092
56 58
0.0625
2093
47 3
0.139622641509
2094
27 47
0.23125
2095
32 29
0.236111111111
2096
30 18
0.5
2097
18 20
0.0530612244898
2098
50 39
1.0
2099
1 4
0.333333333333
2100
16 1
0.5
2101
0 52
0.27380952381
2102
30 5
0.179653679654
2103
57 8
0.0
2104
50 20
0.238095238095
2105
47 28
0.416666666667
2106
47 13
0.2375
2107
52 39
0.266666666667
2108
39 17
No check-in data available for this business to test...
2109
43 25
0.09375
2110
31 51
0.0928571428571
2111
14 13
No check-in data available for this business to test...
2112
32 58
0.518518518519
2113
27 47
1.0
2114
39 35
0.0705882352941
2115
2 0
0.175
2116
27 50
0.238095238095
2117
3 36
0.583333333333
2118
14 26
No check-in data available for this business to test...
2119
14 1
1.0
2120
42 32
0.222222222222
2121
5 41
No check-in data available for this business to test...
2122
0 50
0.102702702703
2123
31 32
No check-in data available for this business to test...
2124
18 20
0.00887206482522
2125
14 27
0.2
2126
0 59
1.0
2127
30 23
No check-in data available for this business to test...
2128
27 26
0.909090909091
2129
16 16
1.0
2130
52 39
0.0952380952381
2131
56 41
0.5
2132
54 56
No check-in data available for this business to test...
2133
5 33
0.5
2134
2 14
0.5
2135
5 21
0.416666666667
2136
3 12
0.0920634920635
2137
39 6
No check-in data available for this business to test...
2138
42 20
0.0875
2139
2 26
No check-in data available for this business to test...
2140
5 23
0.0526315789474
2141
5 32
0.127757352941
2142
18 24
1.0
2143
14 16
1.0
2144
47 13
0.333333333333
2145
10 28
No check-in data available for this business to test...
2146
14 51
0.454545454545
2147
42 15
0.241071428571
2148
4 14
0.25
2149
18 7
0.107655502392
2150
56 10
0.243303571429
2151
0 6
0.0833333333333
2152
5 30
0.360784313725
2153
56 47
No check-in data available for this business to test...
2154
52 36
1.0
2155
6 24
0.0754972875226
2156
6 10
0.7
2157
24 26
No check-in data available for this business to test...
2158
27 30
0.00487509156584
2159
18 6
0.044733044733
2160
42 43
0.0900537634409
2161
16 6
0.238095238095
2162
36 12
No check-in data available for this business to test...
2163
50 5
0.128086419753
2164
32 24
0.285714285714
2165
14 17
0.144444444444
2166
50 7
0.175
2167
18 3
0.5
2168
16 6
0.321212121212
2169
43 41
0.0484848484848
2170
14 7
0.362903225806
2171
1 42
0.1259175607
2172
32 54
0.368421052632
2173
32 46
0.5
2174
27 29
1.0
2175
18 48
0.0258838383838
2176
18 19
No check-in data available for this business to test...
2177
6 18
0.666666666667
2178
57 51
1.0
2179
53 56
No check-in data available for this business to test...
2180
5 46
0.2
2181
27 54
0.0863756613757
2182
31 38
0.5
2183
43 34
No check-in data available for this business to test...
2184
24 15
0.535842293907
2185
3 12
0.3
2186
4 57
0.5
2187
17 2
0.125694444444
2188
18 0
0.333333333333
2189
27 42
No check-in data available for this business to test...
2190
10 58
0.0253968253968
2191
59 43
0.0515873015873
2192
27 45
No check-in data available for this business to test...
2193
36 25
0.0435791217896
2194
16 45
0.166666666667
2195
59 30
0.0735930735931
2196
54 21
0.0714285714286
2197
14 10
0.222222222222
2198
27 59
0.0
2199
42 17
0.0
2200
16 8
0.15
2201
52 48
No check-in data available for this business to test...
2202
17 9
0.145787545788
2203
6 9
0.272727272727
2204
4 48
1.0
2205
6 35
1.0
2206
18 16
0.470588235294
2207
5 35
0.0504722550177
2208
10 58
0.015625
2209
43 41
0.0
2210
56 58
0.0208333333333
2211
14 38
0.347222222222
2212
24 11
No check-in data available for this business to test...
2213
5 58
No check-in data available for this business to test...
2214
0 50
0.166666666667
2215
42 37
0.217777777778
2216
18 16
0.0555555555556
2217
18 6
0.0666666666667
2218
16 53
0.222222222222
2219
11 14
1.0
2220
47 11
0.125
2221
56 18
0.0
2222
0 56
0.0
2223
47 27
0.242424242424
2224
4 33
0.375
2225
3 57
0.166666666667
2226
52 28
0.216666666667
2227
47 16
0.125
2228
18 1
0.0331485587583
2229
18 27
0.25
2230
16 9
1.0
2231
36 13
0.5
2232
10 52
0.166666666667
2233
14 16
0.5
2234
14 46
No check-in data available for this business to test...
2235
36 40
1.0
2236
47 52
0.166666666667
2237
14 4
0.266666666667
2238
14 34
0.5
2239
4 20
1.0
2240
5 37
1.0
2241
14 19
0.0916666666667
2242
54 21
0.200907029478
2243
1 31
1.0
2244
39 0
0.5
2245
50 47
0.372222222222
2246
27 53
0.2
2247
4 26
0.4
2248
47 30
No check-in data available for this business to test...
2249
3 7
0.25
2250
14 21
0.291666666667
2251
43 38
0.105494505495
2252
16 21
0.0
2253
27 25
0.333333333333
2254
14 15
0.266666666667
2255
5 26
1.0
2256
10 45
0.198641636142
2257
27 55
1.0
2258
43 41
No check-in data available for this business to test...
2259
50 20
0.416666666667
2260
43 6
0.125
2261
57 47
No check-in data available for this business to test...
2262
58 11
0.5
2263
14 43
0.0833333333333
2264
50 8
0.5
2265
17 30
1.0
2266
1 11
0.35652173913
2267
0 43
1.0
2268
16 12
0.428571428571
2269
4 8
No check-in data available for this business to test...
2270
5 49
0.157190635452
2271
39 14
1.0
2272
27 13
0.170454545455
2273
31 44
0.5
2274
1 58
0.0695970695971
2275
52 5
0.5
2276
14 33
0.25
2277
32 29
0.012730469085
2278
9 34
0.428571428571
2279
14 41
0.333333333333
2280
5 49
0.166666666667
2281
30 42
0.25
2282
4 51
1.0
2283
0 46
No check-in data available for this business to test...
2284
4 39
No check-in data available for this business to test...
2285
1 36
0.349206349206
2286
36 14
0.0346020761246
2287
39 30
0.5
2288
56 25
0.025
2289
27 23
0.5
2290
55 39
0.5
2291
42 10
0.0962962962963
2292
5 8
No check-in data available for this business to test...
2293
30 21
1.0
2294
14 36
0.188095238095
2295
10 14
0.242424242424
2296
32 40
1.0
2297
47 36
0.150017253278
2298
6 30
1.0
2299
31 37
1.0
2300
52 5
0.298245614035
2301
14 34
0.175925925926
2302
4 4
No check-in data available for this business to test...
2303
43 40
0.5
2304
27 18
1.0
2305
9 9
0.189189189189
2306
16 9
No check-in data available for this business to test...
2307
32 8
0.373015873016
2308
32 22
0.0
2309
47 18
No check-in data available for this business to test...
2310
5 12
No check-in data available for this business to test...
2311
14 59
1.0
2312
0 4
0.0
2313
36 13
1.0
2314
3 17
1.0
2315
5 58
1.0
2316
47 11
0.344186046512
2317
24 57
0.0465786957353
2318
52 5
0.5
2319
52 48
1.0
2320
3 4
0.0655346792702
2321
58 21
0.5
2322
24 50
0.269841269841
2323
53 13
No check-in data available for this business to test...
2324
10 29
No check-in data available for this business to test...
2325
42 1
0.0
2326
32 24
0.5
2327
14 28
1.0
2328
18 57
0.444444444444
2329
24 15
0.1875
2330
3 11
No check-in data available for this business to test...
2331
4 3
No check-in data available for this business to test...
2332
27 13
0.0
2333
10 47
0.0
2334
52 18
0.157142857143
2335
43 12
No check-in data available for this business to test...
2336
50 53
0.0714285714286
2337
36 8
0.291666666667
2338
16 39
0.1375
2339
27 45
1.0
2340
3 27
0.0302648956752
2341
14 16
1.0
2342
18 9
No check-in data available for this business to test...
2343
14 20
0.0
2344
16 17
0.152380952381
2345
39 25
No check-in data available for this business to test...
2346
47 58
0.25
2347
36 10
0.375
2348
14 10
0.0836101882614
2349
27 23
0.239889705882
2350
27 4
0.455128205128
2351
52 28
0.114285714286
2352
43 38
0.0
2353
10 25
0.411111111111
2354
58 19
0.25
2355
43 17
0.135483870968
2356
24 7
0.333333333333
2357
50 44
0.285714285714
2358
30 22
0.18
2359
5 32
0.5
2360
58 45
No check-in data available for this business to test...
2361
3 28
0.0326852634545
2362
54 40
0.0
2363
0 54
No check-in data available for this business to test...
2364
36 2
0.0321612349914
2365
47 34
0.3125
2366
56 41
0.0
2367
3 43
0.0
2368
17 53
0.171428571429
2369
42 52
0.461538461538
2370
18 50
No check-in data available for this business to test...
2371
56 42
0.0
2372
31 31
0.0
2373
27 45
1.0
2374
11 19
0.5
2375
31 33
0.0578125
2376
0 2
0.2
2377
14 43
0.333333333333
2378
18 16
1.0
2379
3 21
0.0990853658537
2380
16 14
0.0955724225174
2381
5 40
0.0891150366957
2382
14 35
0.142857142857
2383
6 57
0.5
2384
18 53
0.0219063545151
2385
2 34
0.428571428571
2386
39 28
0.10119047619
2387
2 9
No check-in data available for this business to test...
2388
0 50
No check-in data available for this business to test...
2389
1 27
No check-in data available for this business to test...
2390
11 53
No check-in data available for this business to test...
2391
54 7
0.1625
2392
58 37
1.0
2393
18 1
0.25
2394
56 1
1.0
2395
56 40
0.134234234234
2396
18 44
0.00595238095238
2397
16 55
0.0555555555556
2398
14 14
1.0
2399
0 4
0.416666666667
2400
50 55
1.0
2401
36 4
0.137362637363
2402
54 45
1.0
2403
24 36
0.205882352941
2404
50 21
No check-in data available for this business to test...
2405
52 21
0.333333333333
2406
42 5
0.35
2407
24 17
No check-in data available for this business to test...
2408
52 5
0.428571428571
2409
14 1
0.5
2410
27 2
0.140625
2411
1 45
1.0
2412
6 0
0.5
2413
55 23
0.15873015873
2414
32 46
0.120107962213
2415
5 41
1.0
2416
53 11
0.5
2417
1 6
0.361111111111
2418
16 20
0.166666666667
2419
30 1
0.428571428571
2420
45 7
No check-in data available for this business to test...
2421
17 3
1.0
2422
47 39
0.5
2423
43 28
0.0
2424
4 45
0.333333333333
2425
42 16
0.198412698413
2426
24 44
0.0821548821549
2427
31 54
0.0952923976608
2428
14 20
1.0
2429
24 27
0.207843137255
2430
10 53
0.0
2431
2 13
0.444444444444
2432
52 58
0.0485731633273
2433
14 3
1.0
2434
39 51
0.0576552488317
2435
24 24
0.416666666667
2436
16 37
No check-in data available for this business to test...
2437
5 46
0.0310907003444
2438
6 47
0.5
2439
52 5
0.0352373671181
2440
5 10
0.0
2441
32 57
0.377777777778
2442
2 1
0.169984917044
2443
59 41
0.0691417810062
2444
52 48
0.222222222222
2445
1 11
0.45
2446
27 33
0.0467485945427
2447
56 14
0.114285714286
2448
4 10
1.0
2449
58 44
0.333333333333
2450
14 20
0.126050420168
2451
17 20
1.0
2452
47 57
0.333333333333
2453
3 57
0.106575963719
2454
0 18
0.023199023199
2455
58 45
0.5
2456
14 36
0.661538461538
2457
5 33
0.5
2458
18 58
No check-in data available for this business to test...
2459
16 40
0.333333333333
2460
11 20
0.181400966184
2461
3 19
0.375
2462
10 44
0.0989594083247
2463
10 6
0.12037037037
2464
50 21
No check-in data available for this business to test...
2465
52 18
0.233333333333
2466
43 0
No check-in data available for this business to test...
2467
31 50
0.119731800766
2468
0 47
0.03079004329
2469
24 19
0.0606180144642
2470
43 52
1.0
2471
27 14
0.257575757576
2472
58 39
1.0
2473
38 1
0.144117647059
2474
11 15
No check-in data available for this business to test...
2475
43 35
0.130158730159
2476
52 52
0.259615384615
2477
10 13
0.113494318182
2478
43 38
0.137755102041
2479
5 26
0.0238095238095
2480
16 0
0.188095238095
2481
55 16
No check-in data available for this business to test...
2482
47 8
0.392857142857
2483
6 58
1.0
2484
14 22
1.0
2485
52 19
0.333333333333
2486
31 24
0.0769230769231
2487
18 32
0.5
2488
3 33
No check-in data available for this business to test...
2489
58 7
0.4
2490
11 26
1.0
2491
2 29
1.0
2492
52 56
0.12
2493
50 37
0.23125
2494
16 43
0.336996336996
2495
27 53
0.178273809524
2496
0 35
1.0
2497
16 23
0.75
2498
24 52
0.25
2499
45 1
0.111111111111
2500
38 53
0.162280701754
2501
5 5
No check-in data available for this business to test...
2502
3 59
No check-in data available for this business to test...
2503
5 8
1.0
2504
16 17
0.333333333333
2505
5 10
0.333333333333
2506
2 12
0.375
2507
18 56
1.0
2508
10 32
No check-in data available for this business to test...
2509
31 59
0.125116713352
2510
5 5
1.0
2511
11 37
0.333333333333
2512
18 50
1.0
2513
14 35
0.103645833333
2514
1 53
0.363636363636
2515
0 22
0.333333333333
2516
0 28
0.166666666667
2517
5 36
0.25
2518
42 33
1.0
2519
27 49
No check-in data available for this business to test...
2520
2 1
0.666666666667
2521
3 6
0.290648496241
2522
18 22
0.5
2523
34 22
0.4
2524
38 54
0.25
2525
1 47
0.45
2526
17 44
0.330065359477
2527
43 6
1.0
2528
32 14
0.111111111111
2529
39 26
0.12619047619
2530
36 8
0.298611111111
2531
16 14
0.0
2532
47 8
No check-in data available for this business to test...
2533
43 34
No check-in data available for this business to test...
2534
5 10
0.208333333333
2535
27 23
0.444444444444
2536
10 35
0.1796875
2537
32 14
0.333333333333
2538
58 52
1.0
2539
6 24
1.0
2540
16 6
0.5
2541
5 12
No check-in data available for this business to test...
2542
18 25
0.00857142857143
2543
18 17
0.0233333333333
2544
2 48
1.0
2545
1 15
0.5
2546
32 37
No check-in data available for this business to test...
2547
32 14
1.0
2548
17 2
0.168803418803
2549
47 10
1.0
2550
36 55
0.5
2551
32 42
0.315453384419
2552
5 44
1.0
2553
34 43
No check-in data available for this business to test...
2554
45 51
0.2
2555
43 22
0.266666666667
2556
1 53
1.0
2557
47 50
0.0213675213675
2558
27 11
0.0
2559
47 0
0.6
2560
43 11
0.18
2561
47 11
0.242424242424
2562
2 12
No check-in data available for this business to test...
2563
52 33
0.193333333333
2564
42 39
0.5
2565
18 41
0.00511988011988
2566
47 28
1.0
2567
32 29
0.4
2568
36 2
0.086013986014
2569
56 52
0.212121212121
2570
2 23
0.416666666667
2571
16 1
0.475757575758
2572
47 28
0.444444444444
2573
24 30
0.5
2574
0 33
0.354166666667
2575
56 3
0.0020964360587
2576
32 29
0.0833333333333
2577
1 38
0.102607709751
2578
6 9
0.277777777778
2579
50 8
0.5
2580
6 38
0.25
2581
0 38
0.0
2582
59 10
0.172619047619
2583
14 57
0.2
2584
42 3
No check-in data available for this business to test...
2585
16 1
0.246913580247
2586
16 6
1.0
2587
24 48
1.0
2588
30 14
0.183333333333
2589
52 0
1.0
2590
45 3
No check-in data available for this business to test...
2591
47 43
0.45
2592
52 39
0.0787878787879
2593
43 31
0.269841269841
2594
18 13
0.0
2595
32 23
0.0802224736048
2596
30 1
0.0
2597
47 58
0.35
2598
0 58
0.5
2599
14 17
0.296296296296
2600
0 54
No check-in data available for this business to test...
2601
56 36
0.428571428571
2602
14 43
0.5
2603
3 50
0.294871794872
2604
5 37
No check-in data available for this business to test...
2605
39 49
1.0
2606
0 36
1.0
2607
14 42
0.532967032967
2608
36 7
0.0
2609
5 58
No check-in data available for this business to test...
2610
59 46
No check-in data available for this business to test...
2611
42 23
0.200932400932
2612
10 2
0.333333333333
2613
0 12
0.0702504960317
2614
43 30
0.226608187135
2615
14 37
0.154761904762
2616
27 20
0.0
2617
50 3
0.327272727273
2618
22 43
0.232026143791
2619
11 25
0.238181818182
2620
27 30
0.0174418604651
2621
24 55
0.106884057971
2622
5 36
No check-in data available for this business to test...
2623
2 21
0.222222222222
2624
34 36
1.0
2625
10 53
0.412280701754
2626
6 18
No check-in data available for this business to test...
2627
47 42
0.253333333333
2628
1 5
1.0
2629
24 58
0.75
2630
59 18
0.666666666667
2631
30 42
0.444444444444
2632
31 23
0.0610396960142
2633
4 26
0.357142857143
2634
10 10
0.0589743589744
2635
0 22
0.0954861111111
2636
36 56
1.0
2637
32 20
0.5
2638
36 14
1.0
2639
59 11
0.444444444444
2640
54 54
1.0
2641
32 33
0.184210526316
2642
14 37
0.444444444444
2643
10 22
1.0
2644
43 45
0.0471014492754
2645
2 2
0.447368421053
2646
47 22
0.0
2647
5 26
0.0833333333333
2648
42 36
0.181818181818
2649
14 36
No check-in data available for this business to test...
2650
18 36
1.0
2651
5 58
1.0
2652
18 50
1.0
2653
18 14
0.204545454545
2654
24 19
0.5
2655
24 54
0.461538461538
2656
14 4
0.232954545455
2657
42 29
No check-in data available for this business to test...
2658
5 29
1.0
2659
27 3
0.128571428571
2660
10 34
0.296296296296
2661
53 17
0.0875222816399
2662
47 42
0.333333333333
2663
47 8
1.0
2664
24 8
0.333333333333
2665
43 24
0.166666666667
2666
6 22
0.25
2667
43 32
0.0230158730159
2668
27 2
0.15
2669
43 40
No check-in data available for this business to test...
2670
47 4
0.302083333333
2671
2 59
No check-in data available for this business to test...
2672
16 2
0.496710526316
2673
18 6
No check-in data available for this business to test...
2674
18 59
0.333333333333
2675
42 7
0.466666666667
2676
10 13
0.2
2677
42 29
0.333333333333
2678
10 22
0.142857142857
2679
27 4
0.5
2680
14 48
0.5
2681
45 28
0.135
2682
11 48
No check-in data available for this business to test...
2683
36 38
0.112244897959
2684
27 2
0.3
2685
4 20
No check-in data available for this business to test...
2686
59 13
0.222222222222
2687
3 39
0.0521885521886
2688
14 44
0.190934065934
2689
47 28
1.0
2690
31 50
0.271604938272
2691
56 11
0.00563607085346
2692
56 54
0.120181405896
2693
27 54
0.201465201465
2694
3 40
0.0642857142857
2695
0 42
1.0
2696
18 4
0.45
2697
5 33
0.142857142857
2698
58 10
0.333333333333
2699
5 23
1.0
2700
1 23
1.0
2701
27 47
1.0
2702
0 28
0.125
2703
50 39
0.5
2704
0 21
0.0261707988981
2705
0 59
No check-in data available for this business to test...
2706
17 17
0.0
2707
0 15
0.24
2708
3 16
0.142857142857
2709
18 40
0.0724637681159
2710
56 58
0.0
2711
36 50
0.207482993197
2712
14 8
1.0
2713
27 51
0.0384615384615
2714
27 54
0.196103896104
2715
14 35
0.207843137255
2716
56 6
No check-in data available for this business to test...
2717
47 10
No check-in data available for this business to test...
2718
27 59
0.201746031746
2719
3 8
No check-in data available for this business to test...
2720
18 24
0.423076923077
2721
16 23
0.101468710089
2722
36 25
0.25
2723
43 30
0.214285714286
2724
24 37
0.833333333333
2725
47 30
0.141304347826
2726
18 22
0.5
2727
14 32
0.199267399267
2728
0 9
No check-in data available for this business to test...
2729
54 37
0.15
2730
5 26
0.0270588235294
2731
36 56
0.5
2732
24 50
0.416666666667
2733
24 39
0.09
2734
18 57
0.642857142857
2735
16 0
0.293650793651
2736
55 55
1.0
2737
36 13
0.520202020202
2738
47 14
1.0
2739
52 4
0.118810708363
2740
27 44
0.315789473684
2741
5 24
0.202597402597
2742
47 13
0.244444444444
2743
42 3
