C:\Users\pradh\Anaconda3\python.exe C:/Users/pradh/PycharmProjects/yelp_challenge/simple_test_train_knn
created models for every cluster
0
5 37
0.5
1
5 13
No check-in data available for this business to test...
2
39 11
1.0
3
18 52
0.0404929577465
C:\Users\pradh\Anaconda3\lib\site-packages\sklearn\metrics\classification.py:1135: UndefinedMetricWarning: Precision is ill-defined and being set to 0.0 in labels with no predicted samples.
4
  'precision', 'predicted', average, warn_for)
54 30
1.0
5
42 44
1.0
6
18 16
0.25
7
11 32
No check-in data available for this business to test...
8
5 30
0.45
9
27 0
0.25
10
16 42
1.0
11
0 26
0.0
12
30 58
1.0
13
32 13
0.0103806228374
14
36 10
0.15
15
16 32
1.0
16
30 36
0.0
17
27 41
0.444444444444
18
16 16
0.454545454545
19
0 20
No check-in data available for this business to test...
20
14 39
0.333333333333
21
47 24
0.435897435897
22
50 2
1.0
23
57 14
0.258064516129
24
5 58
1.0
25
32 40
0.0
26
47 42
0.25
27
24 5
1.0
28
57 29
0.351851851852
29
10 18
1.0
30
5 56
1.0
31
43 58
0.0208333333333
32
18 16
1.0
33
2 1
No check-in data available for this business to test...
34
52 15
0.230769230769
35
43 12
No check-in data available for this business to test...
36
50 21
No check-in data available for this business to test...
37
0 34
0.416666666667
38
14 32
0.0761904761905
39
43 38
0.285714285714
40
52 12
0.285714285714
41
14 10
1.0
42
3 21
No check-in data available for this business to test...
43
47 57
No check-in data available for this business to test...
44
58 45
1.0
45
27 34
1.0
46
32 37
No check-in data available for this business to test...
47
59 48
1.0
48
47 50
0.017217630854
49
47 35
0.133333333333
50
27 7
0.0182291666667
51
14 13
0.210526315789
52
47 55
0.0
53
39 27
0.0657407407407
54
42 49
0.428571428571
55
43 17
0.464285714286
56
2 49
0.106837606838
57
10 39
1.0
58
14 13
0.225806451613
59
24 46
1.0
60
56 1
0.0470588235294
61
5 30
No check-in data available for this business to test...
62
14 26
0.25
63
10 44
1.0
64
14 43
0.0833333333333
65
56 35
No check-in data available for this business to test...
66
52 56
No check-in data available for this business to test...
67
10 45
0.0
68
27 51
0.253333333333
69
0 33
0.446428571429
70
24 1
0.25
71
27 20
0.278900255754
72
36 10
1.0
73
38 51
1.0
74
1 47
0.196428571429
75
4 1
1.0
76
14 38
0.28125
77
18 6
1.0
78
31 42
0.388888888889
79
59 48
1.0
80
24 26
No check-in data available for this business to test...
81
5 16
0.120998116761
82
36 12
0.301587301587
83
58 30
0.238095238095
84
36 57
0.238636363636
85
43 16
0.111764705882
86
42 2
0.378465506125
87
43 59
0.08125
88
36 33
0.458333333333
89
45 59
0.247863247863
90
42 1
1.0
91
43 8
0.00326530612245
92
14 32
0.0475543478261
93
58 19
0.5
94
18 41
0.0
95
24 12
0.210526315789
96
43 24
No check-in data available for this business to test...
97
45 8
0.093137254902
98
17 56
No check-in data available for this business to test...
99
58 2
0.388888888889
100
36 4
0.444444444444
101
24 9
0.0
102
24 35
0.0848011002473
103
42 6
0.160714285714
104
5 46
0.0701754385965
105
52 48
No check-in data available for this business to test...
106
36 28
0.454545454545
107
5 26
0.00664767331434
108
47 16
0.477272727273
109
42 6
0.0182481751825
110
42 32
0.149152930403
111
6 43
No check-in data available for this business to test...
112
36 37
1.0
113
32 57
0.125925925926
114
16 22
0.416666666667
115
3 45
0.302777777778
116
0 48
0.125
117
5 3
0.0651041666667
118
0 54
1.0
119
52 56
No check-in data available for this business to test...
120
4 43
No check-in data available for this business to test...
121
14 50
0.125217391304
122
56 1
1.0
123
3 8
No check-in data available for this business to test...
124
2 13
1.0
125
59 34
0.45652173913
126
36 57
0.254901960784
127
27 55
No check-in data available for this business to test...
128
6 27
0.480769230769
129
14 14
No check-in data available for this business to test...
130
39 56
0.360119047619
131
0 52
0.0922619047619
132
14 18
0.333333333333
133
3 21
0.282051282051
134
4 21
0.5
135
18 39
0.191666666667
136
3 6
0.00516431924883
137
56 33
1.0
138
53 39
0.0951086956522
139
39 1
0.0238095238095
140
32 49
No check-in data available for this business to test...
141
5 39
1.0
142
3 22
0.5
143
36 13
0.4
144
5 21
1.0
145
6 54
1.0
146
5 29
1.0
147
24 25
0.02
148
59 34
1.0
149
50 2
No check-in data available for this business to test...
150
0 34
0.416666666667
151
36 6
0.245614035088
152
50 12
0.458333333333
153
32 43
0.388888888889
154
16 42
0.0615384615385
155
56 46
0.448717948718
156
14 32
0.103411739775
157
14 23
1.0
158
6 45
0.0130718954248
159
14 22
0.272727272727
160
43 57
0.121527777778
161
31 7
0.333333333333
162
47 11
0.0625
163
24 3
0.0216165413534
164
47 12
0.0740740740741
165
39 0
0.25
166
27 6
0.4
167
58 55
0.391304347826
168
52 12
0.386363636364
169
27 50
0.0819304152637
170
47 42
0.244444444444
171
30 14
0.0232876712329
172
43 58
0.038961038961
173
42 17
1.0
174
0 6
0.0
175
30 7
0.14375
176
30 15
0.126829268293
177
32 4
1.0
178
10 17
0.235294117647
179
52 0
1.0
180
17 24
0.25
181
6 23
1.0
182
4 34
No check-in data available for this business to test...
183
14 22
1.0
184
43 28
0.0986070381232
185
11 14
0.106060606061
186
10 36
0.0909090909091
187
24 21
No check-in data available for this business to test...
188
14 26
1.0
189
16 58
1.0
190
30 42
1.0
191
5 25
0.183404040404
192
16 29
0.142857142857
193
31 26
0.0705244122966
194
36 4
0.266666666667
195
58 49
0.166666666667
196
0 40
0.266666666667
197
3 39
0.0857142857143
198
52 47
0.0298507462687
199
42 27
No check-in data available for this business to test...
200
18 58
No check-in data available for this business to test...
201
2 4
No check-in data available for this business to test...
202
52 17
0.0
203
36 23
0.277777777778
204
3 1
0.0622222222222
205
52 36
1.0
206
5 25
0.461538461538
207
42 20
0.0335305719921
208
36 31
0.392857142857
209
5 30
1.0
210
36 7
1.0
211
24 33
No check-in data available for this business to test...
212
47 11
0.259259259259
213
56 40
0.5
214
39 27
0.177777777778
215
53 19
0.388888888889
216
27 20
0.4375
217
57 37
1.0
218
36 8
0.241228070175
219
10 22
0.375
220
14 41
1.0
221
30 10
1.0
222
47 35
1.0
223
1 47
0.0101137800253
224
27 20
1.0
225
5 35
0.00515151515152
226
27 3
0.361111111111
227
5 5
1.0
228
1 20
1.0
229
54 45
1.0
230
53 10
0.142857142857
231
24 12
No check-in data available for this business to test...
232
3 12
0.253661806603
233
42 52
0.428571428571
234
2 30
0.3125
235
27 43
0.0292277167277
236
0 30
1.0
237
16 14
0.362903225806
238
59 53
0.404761904762
239
56 21
0.285714285714
240
16 0
0.0976744186047
241
52 28
0.27619047619
242
2 14
No check-in data available for this business to test...
243
36 30
0.3
244
0 19
0.428571428571
245
50 29
0.160576923077
246
58 11
0.416666666667
247
14 32
0.13443963444
248
5 2
0.375
249
0 46
1.0
250
24 14
0.0
251
0 31
No check-in data available for this business to test...
252
52 57
0.119230769231
253
2 19
1.0
254
32 54
No check-in data available for this business to test...
255
31 30
0.4
256
17 46
0.333333333333
257
16 28
0.458333333333
258
18 35
0.333333333333
259
58 33
No check-in data available for this business to test...
260
18 40
0.142857142857
261
1 57
0.235294117647
262
36 34
0.222222222222
263
24 58
1.0
264
58 31
1.0
265
14 14
0.392857142857
266
31 17
0.0
267
27 30
0.182692307692
268
43 14
No check-in data available for this business to test...
269
47 24
0.44
270
10 43
No check-in data available for this business to test...
271
43 20
No check-in data available for this business to test...
272
24 58
No check-in data available for this business to test...
273
36 8
0.191919191919
274
24 38
0.229166666667
275
42 25
0.291666666667
276
5 39
0.24693877551
277
18 19
0.333333333333
278
54 39
0.0126050420168
279
32 24
0.5
280
24 30
1.0
281
27 29
1.0
282
36 51
0.428571428571
283
50 51
0.0904761904762
284
32 10
No check-in data available for this business to test...
285
6 9
0.121794871795
286
59 5
0.142857142857
287
47 16
0.0
288
50 5
0.105660377358
289
18 5
1.0
290
16 2
1.0
291
36 35
0.208333333333
292
43 45
1.0
293
6 57
0.046626984127
294
0 27
No check-in data available for this business to test...
295
24 57
0.0
296
55 55
No check-in data available for this business to test...
297
32 9
No check-in data available for this business to test...
298
32 53
0.211111111111
299
5 22
0.25
300
36 30
No check-in data available for this business to test...
301
38 55
0.357843137255
302
0 39
0.5
303
56 23
1.0
304
36 25
0.306084656085
305
14 32
0.046875
306
0 38
0.0
307
43 6
0.03125
308
0 6
0.0388888888889
309
27 41
0.129824561404
310
27 46
0.191176470588
311
4 44
1.0
312
3 21
1.0
313
5 28
0.0
314
52 4
0.159574468085
315
14 21
No check-in data available for this business to test...
316
18 20
0.0
317
0 30
No check-in data available for this business to test...
318
43 33
0.0944444444444
319
5 2
No check-in data available for this business to test...
320
1 18
0.4375
321
14 25
1.0
322
18 17
0.0384615384615
323
2 1
0.0
324
18 18
0.375
325
16 33
0.230769230769
326
1 4
1.0
327
58 21
0.357142857143
328
36 6
0.047619047619
329
5 35
0.0769230769231
330
54 8
1.0
331
14 47
1.0
332
43 28
0.333333333333
333
18 13
0.388888888889
334
14 20
0.416666666667
335
14 14
0.188405797101
336
0 55
0.0
337
5 3
0.0909090909091
338
43 4
0.0438492063492
339
30 43
0.117647058824
340
57 28
0.185483870968
341
18 48
0.146031746032
342
32 34
0.428571428571
343
14 6
0.0405405405405
344
10 15
0.13
345
4 41
1.0
346
57 24
1.0
347
45 47
0.357142857143
348
14 51
0.444444444444
349
24 15
1.0
350
32 20
No check-in data available for this business to test...
351
14 29
0.0668693009119
352
10 57
0.0912202380952
353
52 20
0.454545454545
354
27 2
0.135714285714
355
24 16
0.333333333333
356
36 43
0.4
357
32 51
0.384615384615
358
16 51
0.421052631579
359
1 26
0.259259259259
360
4 51
No check-in data available for this business to test...
361
30 51
0.25
362
27 30
0.0405797101449
363
10 56
0.45
364
52 24
1.0
365
58 43
0.5
366
42 28
1.0
367
14 58
No check-in data available for this business to test...
368
32 8
0.266666666667
369
36 27
1.0
370
14 35
0.171875
371
27 20
0.266666666667
372
2 54
0.108527131783
373
42 16
1.0
374
47 15
0.0909090909091
375
32 47
1.0
376
0 25
0.3
377
54 37
No check-in data available for this business to test...
378
5 1
0.0
379
42 19
0.423076923077
380
18 47
0.270833333333
381
5 13
0.0358193231201
382
36 46
1.0
383
32 23
No check-in data available for this business to test...
384
5 8
0.182926829268
385
32 14
0.174725274725
386
47 8
No check-in data available for this business to test...
387
52 12
0.246913580247
388
56 47
1.0
389
1 14
0.0882352941176
390
24 45
0.12445103206
391
59 23
0.333333333333
392
14 39
0.208333333333
393
0 44
1.0
394
9 43
1.0
395
36 7
1.0
396
5 15
0.0625
397
14 1
0.0
398
3 55
0.45
399
50 23
1.0
400
42 30
1.0
401
3 42
0.0391311697093
402
56 19
0.210884353741
403
31 49
0.473684210526
404
6 17
0.0902777777778
405
50 8
0.333333333333
406
54 12
0.190476190476
407
39 45
0.458333333333
408
0 1
0.5
409
42 37
1.0
410
56 33
1.0
411
24 46
0.0
412
52 39
0.266666666667
413
10 28
No check-in data available for this business to test...
414
58 44
1.0
415
43 34
No check-in data available for this business to test...
416
6 34
1.0
417
39 24
0.396551724138
418
52 23
1.0
419
27 13
0.0346666666667
420
24 19
0.0213541666667
421
27 11
0.25
422
5 38
0.0224561403509
423
45 9
1.0
424
50 23
0.254333333333
425
50 47
0.5
426
14 36
0.211111111111
427
32 20
No check-in data available for this business to test...
428
43 1
0.392857142857
429
43 22
No check-in data available for this business to test...
430
47 37
No check-in data available for this business to test...
431
36 50
0.226666666667
432
27 2
0.384615384615
433
50 3
0.0660980810235
434
24 39
0.0604395604396
435
5 31
0.0625
436
47 23
0.107142857143
437
1 2
0.25
438
14 26
0.0684523809524
439
5 12
No check-in data available for this business to test...
440
5 33
0.0
441
14 32
0.270833333333
442
32 58
1.0
443
24 39
0.0294543349255
444
0 48
1.0
445
56 14
0.444444444444
446
0 46
No check-in data available for this business to test...
447
10 2
0.0540293040293
448
58 43
No check-in data available for this business to test...
449
6 13
1.0
450
14 23
No check-in data available for this business to test...
451
47 3
0.05
452
16 14
1.0
453
3 40
0.475
454
24 32
0.466666666667
455
5 54
0.0238649003944
456
14 2
0.198863636364
457
43 22
No check-in data available for this business to test...
458
50 12
0.333333333333
459
5 41
0.659090909091
460
18 40
0.00354969574037
461
10 44
0.0544117647059
462
16 5
0.421052631579
463
39 19
0.18006993007
464
5 2
No check-in data available for this business to test...
465
6 51
0.0833333333333
466
14 7
0.0766550522648
467
10 30
0.262626262626
468
24 58
0.5
469
43 45
0.0
470
47 42
0.0220238095238
471
32 16
1.0
472
32 50
1.0
473
31 21
0.0
474
16 12
0.230769230769
475
5 36
0.050222504768
476
39 9
No check-in data available for this business to test...
477
27 54
1.0
478
50 24
0.0367965367965
479
17 35
0.3125
480
32 1
0.18125
481
56 20
0.203488372093
482
14 6
1.0
483
36 19
0.212121212121
484
27 1
1.0
485
52 11
0.333333333333
486
6 4
0.259259259259
487
5 28
0.0490196078431
488
3 57
0.0
489
5 31
0.142857142857
490
11 0
No check-in data available for this business to test...
491
56 21
0.123076923077
492
14 59
0.266666666667
493
4 57
0.296296296296
494
14 47
0.366666666667
495
39 30
No check-in data available for this business to test...
496
5 35
0.176215277778
497
45 27
1.0
498
10 58
0.461538461538
499
5 49
1.0
500
38 48
No check-in data available for this business to test...
501
11 38
1.0
502
36 45
0.461538461538
503
34 24
0.375
504
5 36
1.0
505
43 38
0.0109126984127
506
18 5
0.452380952381
507
42 10
0.0438762626263
508
5 33
0.0791208791209
509
27 48
0.00751879699248
510
27 52
0.0
511
10 47
0.15625
512
24 45
0.0219907407407
513
27 16
No check-in data available for this business to test...
514
52 14
0.416666666667
515
16 0
1.0
516
5 24
0.0
517
43 27
0.03663003663
518
27 3
0.0250256410256
519
16 51
0.233333333333
520
3 39
0.0444444444444
521
36 11
0.145833333333
522
34 30
1.0
523
0 12
1.0
524
31 23
0.4375
525
24 27
0.6
526
1 38
0.0
527
14 45
0.25
528
18 25
0.117647058824
529
1 40
1.0
530
5 31
0.333333333333
531
32 6
1.0
532
14 8
1.0
533
53 57
0.288888888889
534
0 56
No check-in data available for this business to test...
535
6 36
1.0
536
10 35
1.0
537
24 7
0.0
538
36 8
0.5
539
27 45
0.302564102564
540
2 23
1.0
541
18 1
0.3
542
47 56
1.0
543
27 29
No check-in data available for this business to test...
544
14 47
0.5
545
27 39
0.333333333333
546
14 10
No check-in data available for this business to test...
547
14 24
0.155405405405
548
31 20
1.0
549
1 48
1.0
550
30 36
0.428571428571
551
11 23
0.5
552
47 18
0.222222222222
553
54 1
1.0
554
56 31
1.0
555
14 47
0.00491493383743
556
0 7
1.0
557
0 34
No check-in data available for this business to test...
558
16 38
1.0
559
27 45
0.5
560
24 32
0.4375
561
59 1
0.333333333333
562
19 14
No check-in data available for this business to test...
563
54 56
1.0
564
47 21
1.0
565
10 19
0.375
566
3 27
0.333333333333
567
47 10
No check-in data available for this business to test...
568
14 7
0.128571428571
569
10 40
0.5
570
14 7
1.0
571
39 51
1.0
572
5 15
0.261904761905
573
16 20
0.215384615385
574
39 31
1.0
575
32 39
0.0652287581699
576
28 33
No check-in data available for this business to test...
577
3 6
0.0
578
5 2
0.633333333333
579
43 47
0.122643467643
580
2 16
No check-in data available for this business to test...
581
6 3
0.25
582
56 36
0.214285714286
583
14 19
0.2387291532
584
10 31
0.181481481481
585
18 17
0.0
586
27 14
0.183333333333
587
42 29
No check-in data available for this business to test...
588
1 52
0.128571428571
589
16 56
0.230158730159
590
17 5
No sufficient businesses available in the surrounding area and for this category to find the crowd...
591
14 44
0.104347826087
592
24 45
No check-in data available for this business to test...
593
14 41
0.473684210526
594
57 1
0.428571428571
595
5 44
0.03125
596
27 59
1.0
597
55 15
No check-in data available for this business to test...
598
42 28
0.333333333333
599
47 43
0.336363636364
600
42 42
1.0
601
27 55
No check-in data available for this business to test...
602
47 33
0.375
603
36 13
1.0
604
6 17
0.0874283374283
605
36 40
0.3125
606
50 2
1.0
607
39 26
0.278409090909
608
14 10
0.0719696969697
609
16 55
0.25
610
32 26
0.2
611
1 30
0.458333333333
612
5 29
0.248397435897
613
32 58
No check-in data available for this business to test...
614
14 0
1.0
615
43 26
1.0
616
5 7
0.0520202020202
617
30 21
1.0
618
32 18
1.0
619
54 58
0.0670995670996
620
14 47
1.0
621
32 50
0.175595238095
622
36 0
1.0
623
52 32
0.077380952381
624
57 18
0.333333333333
625
2 54
0.0862068965517
626
5 53
0.473684210526
627
18 17
0.0298541434411
628
59 11
1.0
629
14 32
1.0
630
58 52
0.625
631
32 29
No check-in data available for this business to test...
632
3 24
0.285714285714
633
14 35
0.551282051282
634
6 38
0.178571428571
635
56 2
0.0
636
36 17
0.198181818182
637
54 6
0.295238095238
638
10 29
0.444444444444
639
24 50
0.237373737374
640
3 21
0.0122950819672
641
55 41
0.4
642
0 27
0.5
643
32 59
0.469696969697
644
47 31
0.0291005291005
645
27 30
0.0461538461538
646
43 5
0.0559871901977
647
47 16
0.0
648
14 9
0.0127777777778
649
14 47
1.0
650
17 17
No check-in data available for this business to test...
651
32 52
0.117346938776
652
27 41
No check-in data available for this business to test...
653
43 19
No check-in data available for this business to test...
654
45 10
1.0
655
5 24
0.0909090909091
656
3 21
0.5
657
24 41
1.0
658
27 52
0.139469226426
659
2 54
1.0
660
3 1
0.18128332414
661
24 43
0.009
662
14 32
0.5
663
4 49
No check-in data available for this business to test...
664
27 45
1.0
665
16 43
1.0
666
38 15
No check-in data available for this business to test...
667
50 2
0.466666666667
668
54 26
1.0
669
16 19
0.35
670
16 55
1.0
671
16 31
1.0
672
43 49
0.301587301587
673
43 40
0.171794871795
674
56 18
0.001443001443
675
16 26
0.458333333333
676
14 41
1.0
677
18 36
No check-in data available for this business to test...
678
14 52
0.461538461538
679
31 20
0.0
680
47 2
0.0409090909091
681
16 40
0.159090909091
682
14 28
1.0
683
42 11
0.277777777778
684
47 57
1.0
685
36 55
0.458333333333
686
50 47
0.03125
687
32 1
0.234848484848
688
1 16
0.375
689
2 44
1.0
690
50 8
No check-in data available for this business to test...
691
36 8
0.466666666667
692
10 59
1.0
693
32 24
0.046908315565
694
30 49
No check-in data available for this business to test...
695
43 22
0.106896551724
696
14 43
0.428571428571
697
36 56
No check-in data available for this business to test...
698
32 15
No check-in data available for this business to test...
699
32 27
No check-in data available for this business to test...
700
5 6
0.466666666667
701
3 23
1.0
702
5 11
0.217054263566
703
32 3
0.416666666667
704
5 55
0.239130434783
705
54 10
0.428571428571
706
52 0
0.4
707
14 10
0.272727272727
708
47 34
0.0217391304348
709
43 43
0.274509803922
710
36 2
0.222222222222
711
47 3
No check-in data available for this business to test...
712
10 15
No check-in data available for this business to test...
713
52 28
0.274509803922
714
52 10
0.396825396825
715
59 44
0.0714285714286
716
0 53
No check-in data available for this business to test...
717
24 50
0.295833333333
718
31 20
1.0
719
39 0
1.0
720
14 2
1.0
721
10 3
0.226666666667
722
2 40
0.0
723
4 21
1.0
724
52 9
1.0
725
5 24
No check-in data available for this business to test...
726
43 38
0.0115037593985
727
31 39
0.222222222222
728
43 21
0.034188034188
729
50 11
0.125
730
39 2
No check-in data available for this business to test...
731
14 18
0.434782608696
732
30 48
0.409090909091
733
56 11
0.0873015873016
734
31 12
0.194444444444
735
59 21
0.0
736
14 10
0.0285714285714
737
24 25
0.028
738
34 38
No check-in data available for this business to test...
739
14 9
0.123456790123
740
42 3
0.151785714286
741
31 59
0.219333333333
742
43 7
1.0
743
32 7
No check-in data available for this business to test...
744
24 23
0.428571428571
745
16 42
0.252525252525
746
32 17
0.21568627451
747
5 34
0.00230840258541
748
27 55
0.0936170212766
749
39 11
0.5
750
3 58
0.47619047619
751
54 26
0.282051282051
752
47 42
1.0
753
55 23
0.333333333333
754
18 14
0.0
755
56 12
1.0
756
14 1
0.22962962963
757
6 8
0.272727272727
758
47 8
No check-in data available for this business to test...
759
56 16
0.275362318841
760
56 59
0.0501512217759
761
14 9
0.131944444444
762
32 29
No check-in data available for this business to test...
763
24 0
0.142857142857
764
47 31
0.416666666667
765
42 50
0.2
766
5 21
1.0
767
5 26
No check-in data available for this business to test...
768
16 28
0.0758928571429
769
2 46
0.423076923077
770
14 56
0.270833333333
771
14 35
0.0
772
31 28
1.0
773
6 3
0.124228608271
774
32 30
No check-in data available for this business to test...
775
27 33
0.0233164983165
776
5 46
0.182432432432
777
14 8
0.25
778
2 50
0.062656641604
779
16 16
0.307359307359
780
32 24
0.242424242424
781
10 58
1.0
782
43 54
0.444444444444
783
14 7
0.164444444444
784
36 42
1.0
785
57 29
1.0
786
10 37
1.0
787
34 12
0.259259259259
788
14 18
1.0
789
10 47
0.0909090909091
790
14 7
0.0769230769231
791
1 19
0.194444444444
792
16 10
0.222222222222
793
6 43
No check-in data available for this business to test...
794
5 58
1.0
795
1 41
0.379310344828
796
18 32
0.233333333333
797
36 2
0.333333333333
798
57 22
0.416666666667
799
47 13
0.0568181818182
800
6 49
No check-in data available for this business to test...
801
50 5
0.163888888889
802
58 51
0.0954545454545
803
4 26
1.0
804
4 21
1.0
805
14 38
0.452380952381
806
9 43
1.0
807
14 43
0.093023255814
808
32 10
0.205882352941
809
14 36
1.0
810
36 56
No check-in data available for this business to test...
811
4 29
0.227272727273
812
10 56
0.5
813
52 23
0.125
814
58 34
0.0566893424036
815
24 21
0.266666666667
816
18 5
No check-in data available for this business to test...
817
56 52
No check-in data available for this business to test...
818
36 14
0.0411764705882
819
50 21
No check-in data available for this business to test...
820
2 51
0.444444444444
821
58 33
0.428571428571
822
32 25
1.0
823
31 37
1.0
824
39 57
0.152777777778
825
45 17
0.209210526316
826
18 4
1.0
827
52 31
1.0
828
34 27
0.142857142857
829
58 16
0.0754310344828
830
4 38
1.0
831
0 58
0.4375
832
0 16
0.45
833
34 1
No check-in data available for this business to test...
834
57 30
0.0724715099715
835
14 34
0.0444444444444
836
42 37
0.259259259259
837
43 32
0.257575757576
838
27 7
0.25
839
50 32
0.315
840
18 54
0.282828282828
841
0 37
1.0
842
27 25
0.104166666667
843
24 12
0.025641025641
844
43 45
0.202040816327
845
16 42
0.0615384615385
846
38 14
0.0696517412935
847
18 19
0.214285714286
848
42 39
1.0
849
1 3
No check-in data available for this business to test...
850
34 35
1.0
851
50 13
1.0
852
27 0
0.15
853
24 13
0.298798798799
854
5 21
1.0
855
43 0
0.162162162162
856
2 22
0.4
857
14 44
1.0
858
27 2
1.0
859
5 49
0.285714285714
860
14 18
0.35
861
32 57
0.464285714286
862
14 51
0.155405405405
863
6 43
No check-in data available for this business to test...
864
36 17
0.378048780488
865
39 29
0.454545454545
866
14 35
0.129411764706
867
14 1
0.241666666667
868
5 22
0.384615384615
869
5 35
0.0637755102041
870
16 27
0.126530612245
871
3 38
1.0
872
2 58
1.0
873
50 39
1.0
874
56 58
1.0
875
7 3
0.478260869565
876
36 23
0.392857142857
877
6 29
No check-in data available for this business to test...
878
18 19
1.0
879
18 7
0.38
880
24 14
0.035
881
31 3
1.0
882
36 26
0.0895146520147
883
52 34
No check-in data available for this business to test...
884
36 42
0.444444444444
885
54 29
0.166666666667
886
45 1
0.25
887
32 20
0.1875
888
3 38
0.118452380952
889
50 55
0.283950617284
890
10 0
0.45
891
18 20
0.0290909090909
892
32 12
0.0944444444444
893
14 10
1.0
894
3 23
No check-in data available for this business to test...
895
18 30
0.1875
896
5 47
0.270003653635
897
14 23
1.0
898
0 56
0.0686813186813
899
7 14
Traceback (most recent call last):
  File "C:/Users/pradh/PycharmProjects/yelp_challenge/simple_test_train_knn", line 177, in <module>
    cluster_by_position_and_category_cv(60, 60, 10, 1)
  File "C:/Users/pradh/PycharmProjects/yelp_challenge/simple_test_train_knn", line 172, in cluster_by_position_and_category_cv
    test_model(models[locational_prediction][categorical_prediction], data[0])
  File "C:/Users/pradh/PycharmProjects/yelp_challenge/simple_test_train_knn", line 81, in test_model
    predicted_values = model.predict(X_test)
  File "C:\Users\pradh\Anaconda3\lib\site-packages\sklearn\neighbors\regression.py", line 144, in predict
    neigh_dist, neigh_ind = self.kneighbors(X)
  File "C:\Users\pradh\Anaconda3\lib\site-packages\sklearn\neighbors\base.py", line 347, in kneighbors
    (train_size, n_neighbors)
ValueError: Expected n_neighbors <= n_samples,  but n_samples = 3, n_neighbors = 5

Process finished with exit code 1
